255, 255, 255, 255, 255, 255, 255, 255, 255, 255, 255, 
 255, 255, 255, 255, 255, 255, 255, 255, 255, 255, 255, 
 255, 255, 255, 255, 255, 255, 255, 255, 255, 255, 255, 
 255, 255, 255, 255, 255, 255, 255, 255, 255, 255, 255, 
 255, 255, 255, 255, 255, 255, 255, 255, 255, 255, 255, 
 255, 255, 255, 255, 255, 255, 255, 255, 255, 255, 255, 
 255, 255, 255, 255, 255, 255, 255, 255, 255, 255, 255, 
 255, 255, 255, 255, 255, 255, 255, 255, 255, 255, 255, 
 255, 255, 255, 255, 255, 255, 255, 255, 255, 255, 255, 
 255, 255, 255, 255, 255, 255, 255, 255, 255, 255, 255, 
 255, 255, 255, 255, 255, 255, 255, 255, 255, 255, 255, 
 255, 255, 255, 255, 255, 255, 255, 255, 255, 255, 255, 
 255, 255, 255, 255, 255, 255, 255, 255, 255, 255, 255, 
 255, 255, 255, 255, 255, 243, 255, 255, 255, 255, 255, 
 255, 255, 255, 255, 255, 255, 255, 255, 255, 255, 193, 
 255, 255, 255, 199, 255, 255, 255, 255, 255, 255, 255, 
 255, 255, 255, 255, 193, 255, 255, 224, 0, 255, 255, 255, 
 255, 255, 255, 255, 255, 255, 255, 255, 193, 255, 255, 
 192, 0, 31, 255, 255, 255, 255, 255, 255, 255, 255, 255, 
 255, 192, 255, 255, 128, 0, 3, 255, 255, 255, 255, 255, 
 255, 255, 255, 255, 255, 192, 127, 255, 0, 0, 0, 255, 
 255, 255, 255, 255, 255, 255, 255, 255, 255, 192, 127, 
 255, 0, 0, 0, 63, 255, 255, 255, 255, 255, 255, 255, 255, 
 255, 192, 63, 254, 0, 0, 0, 31, 255, 255, 255, 255, 255, 
 255, 255, 255, 255, 192, 31, 254, 0, 0, 0, 15, 255, 255, 
 255, 255, 255, 255, 255, 255, 255, 192, 31, 254, 0, 0, 0, 
 3, 255, 255, 255, 255, 255, 255, 255, 255, 255, 224, 31, 
 254, 0, 0, 0, 1, 255, 255, 255, 255, 255, 255, 255, 255, 
 255, 224, 15, 254, 0, 0, 0, 0, 255, 255, 255, 255, 255, 
 255, 255, 255, 252, 96, 7, 252, 0, 0, 0, 0, 127, 255, 
 255, 255, 255, 255, 255, 255, 252, 64, 3, 252, 0, 0, 0, 
 0, 63, 255, 255, 255, 255, 255, 255, 255, 254, 0, 1, 252, 
 0, 0, 0, 0, 31, 255, 255, 255, 255, 255, 255, 255, 254, 
 0, 1, 252, 0, 0, 0, 0, 15, 255, 255, 255, 255, 255, 255, 
 255, 255, 0, 0, 252, 0, 0, 0, 0, 15, 255, 255, 255, 255, 
 255, 255, 255, 255, 0, 0, 126, 0, 0, 0, 0, 7, 255, 255, 
 255, 255, 255, 255, 255, 255, 0, 0, 62, 0, 0, 0, 0, 3, 
 255, 255, 255, 255, 255, 255, 255, 255, 0, 0, 30, 0, 0, 
 0, 0, 3, 255, 255, 255, 255, 255, 255, 255, 255, 0, 0, 6, 
 0, 0, 0, 0, 1, 255, 255, 255, 255, 255, 255, 255, 252, 0, 
 0, 2, 0, 0, 0, 0, 0, 255, 255, 255, 255, 255, 255, 255, 
 252, 0, 0, 0, 0, 0, 0, 0, 0, 255, 255, 255, 255, 255, 
 255, 255, 252, 0, 0, 0, 0, 0, 0, 0, 0, 127, 255, 255, 
 255, 255, 255, 255, 252, 0, 0, 0, 0, 0, 0, 0, 0, 127, 
 255, 255, 255, 255, 255, 255, 252, 0, 0, 0, 0, 0, 0, 0, 
 0, 63, 255, 255, 255, 255, 255, 255, 254, 0, 0, 0, 0, 0, 
 0, 0, 0, 31, 255, 255, 255, 255, 255, 255, 254, 0, 0, 0, 
 0, 0, 0, 0, 0, 31, 255, 255, 255, 255, 255, 255, 255, 0, 
 0, 0, 0, 0, 0, 0, 0, 31, 255, 255, 255, 255, 255, 255, 
 255, 128, 0, 0, 0, 0, 0, 0, 0, 31, 255, 255, 255, 255, 
 255, 255, 255, 128, 0, 0, 0, 0, 0, 0, 0, 15, 255, 255, 
 255, 255, 255, 255, 255, 192, 0, 0, 0, 0, 0, 0, 0, 15, 
 255, 255, 255, 255, 255, 255, 255, 192, 0, 0, 0, 0, 0, 0, 
 0, 7, 255, 255, 255, 255, 255, 255, 255, 224, 0, 0, 0, 0, 
 0, 0, 0, 7, 255, 255, 255, 255, 255, 255, 255, 160, 0, 0, 
 0, 0, 0, 0, 0, 7, 255, 255, 255, 255, 255, 255, 255, 192, 
 0, 0, 0, 0, 0, 0, 0, 7, 255, 255, 255, 255, 255, 255, 
 255, 192, 0, 0, 0, 0, 0, 0, 0, 7, 255, 255, 255, 255, 
 255, 255, 255, 224, 0, 0, 0, 0, 0, 0, 0, 3, 255, 255, 
 255, 255, 255, 255, 255, 240, 0, 0, 0, 0, 0, 0, 0, 3, 
 255, 255, 255, 255, 255, 255, 255, 184, 0, 0, 0, 0, 0, 0, 
 0, 3, 255, 255, 255, 255, 255, 255, 255, 220, 0, 0, 0, 0, 
 0, 0, 0, 3, 255, 255, 255, 255, 255, 255, 255, 204, 0, 0, 
 0, 0, 0, 0, 0, 3, 255, 255, 255, 255, 255, 255, 255, 238, 
 0, 0, 0, 0, 0, 0, 0, 3, 255, 255, 255, 255, 255, 255, 
 255, 242, 0, 0, 0, 0, 0, 0, 0, 3, 255, 255, 255, 255, 
 255, 255, 255, 248, 0, 0, 0, 0, 0, 0, 0, 3, 255, 255, 
 255, 255, 255, 255, 255, 252, 0, 0, 0, 0, 0, 0, 0, 3, 
 255, 255, 255, 255, 255, 255, 255, 252, 0, 0, 0, 0, 0, 0, 
 0, 3, 255, 255, 255, 255, 255, 255, 255, 254, 0, 0, 0, 0, 
 0, 0, 0, 3, 255, 255, 255, 255, 255, 255, 255, 255, 0, 0, 
 0, 0, 0, 0, 0, 3, 255, 255, 255, 255, 255, 255, 255, 255, 
 128, 0, 0, 0, 0, 0, 0, 3, 255, 255, 255, 255, 255, 255, 
 255, 255, 128, 0, 0, 0, 0, 0, 0, 3, 255, 255, 255, 255, 
 255, 255, 255, 255, 192, 0, 0, 0, 0, 0, 0, 3, 255, 255, 
 255, 255, 255, 255, 255, 255, 224, 0, 0, 0, 0, 0, 0, 3, 
 255, 255, 255, 255, 255, 255, 255, 255, 240, 0, 0, 0, 0, 
 0, 0, 3, 255, 255, 255, 255, 255, 255, 255, 255, 248, 0, 
 0, 0, 0, 0, 0, 3, 255, 255, 255, 255, 255, 255, 255, 255, 
 252, 0, 0, 0, 0, 0, 0, 7, 255, 255, 255, 255, 255, 255, 
 255, 255, 254, 0, 0, 0, 0, 0, 0, 7, 255, 255, 255, 255, 
 255, 255, 255, 255, 255, 0, 0, 0, 0, 0, 0, 7, 255, 255, 
 255, 255, 255, 255, 255, 255, 255, 128, 0, 0, 0, 0, 0, 
 15, 255, 255, 255, 255, 255, 255, 255, 255, 255, 192, 0, 
 0, 0, 0, 0, 15, 255, 255, 255, 255, 255, 255, 255, 255, 
 255, 240, 0, 0, 0, 0, 0, 15, 255, 255, 255, 255, 255, 
 255, 255, 255, 255, 248, 0, 0, 0, 0, 0, 31, 255, 255, 
 255, 255, 255, 255, 255, 255, 255, 254, 0, 0, 0, 0, 0, 
 31, 255, 255, 255, 255, 255, 255, 255, 255, 255, 255, 0, 
 0, 0, 0, 0, 63, 255, 255, 255, 255, 255, 255, 255, 255, 
 255, 255, 192, 0, 0, 0, 0, 127, 255, 255, 255, 255, 255, 
 255, 255, 255, 255, 255, 224, 0, 0, 0, 0, 255, 255, 255, 
 255, 255, 255, 255, 255, 255, 255, 255, 248, 0, 0, 0, 1, 
 255, 255, 255, 255, 255, 255, 255, 255, 255, 255, 255, 
 254, 0, 0, 0, 3, 255, 255, 255, 255, 255, 255, 255, 255, 
 255, 255, 255, 255, 128, 0, 0, 7, 255, 255, 255, 255, 
 255, 255, 255, 255, 255, 255, 255, 255, 224, 0, 0, 15, 
 255, 255, 255, 255, 255, 255, 255, 255, 255, 255, 255, 
 255, 252, 0, 0, 63, 255, 255, 255, 255, 255, 255, 255, 
 255, 255, 255, 255, 255, 255, 128, 1, 255, 255, 255, 255, 
 255, 255, 255, 255, 255, 255, 255, 255, 255, 255, 255, 
 255, 255, 255, 255, 255, 255, 255, 255, 255, 255, 255, 
 255, 255, 255, 255, 255, 255, 255, 255, 255, 255, 255, 
 255, 255, 255, 255, 255, 255, 255, 255, 255, 255, 255, 
 255, 255, 255, 255, 255, 255, 255, 255, 255, 255, 255, 
 255, 255, 255, 255, 255, 255, 255, 255, 255, 255, 255, 
 255, 255, 255, 255, 255, 255, 255, 255, 255, 255, 255, 
 255, 255, 255, 255, 255, 255, 255, 255, 255, 255, 255, 
 255, 255, 255, 255, 255, 255, 255, 255, 255, 255, 255, 
 255, 255, 255, 255, 255, 255, 255, 255, 255, 255, 255, 
 255, 255, 255, 255, 255, 255, 255, 255, 255, 255, 255, 
 255, 255, 255, 255, 255, 255, 255, 255, 255, 255, 255, 
 255, 255, 255, 255, 255, 255, 255, 255, 255, 255, 255, 
 255, 255, 255, 255, 255, 255, 255, 255, 255, 255, 255, 
 255, 255, 255, 255, 255, 255, 255, 255, 255, 255, 255, 
 255, 255, 255, 255, 255, 255, 255, 255, 255, 255, 255, 
 255, 255, 255, 255, 255, 255, 255, 255, 255, 255, 255, 
 255, 255, 255, 255, 255, 255, 255, 255, 255, 255, 255, 
 255, 255, 255, 255, 255, 255, 255, 255, 255, 255, 255, 
 255, 255, 255, 255, 255, 255, 255, 255, 255, 255, 255, 
 255, 255, 255, 255, 255, 255, 255, 255, 255, 255, 255, 
 255, 255, 255, 255, 255, 255, 255, 255, 255, 255, 255, 
 255, 255, 255, 255, 255, 255, 255, 255, 255, 255, 255, 
 255, 255, 255, 255, 255, 255, 255, 255, 255, 255, 255, 
 255, 255, 255, 255, 255, 255, 255, 255, 255, 255, 255, 
 255, 255, 255, 255, 255, 255, 255, 255, 255, 255, 255, 
 255, 255, 255, 255, 255, 255, 255, 255, 255, 255, 255, 
 255, 255, 255, 255, 255, 255, 255, 255, 255, 255, 255, 
 255, 255, 255, 255, 255, 255, 255, 255, 255, 255, 255, 
 255, 255, 255, 255, 255, 255, 255, 255, 255, 255, 255, 
 255, 255, 255, 255, 255, 255, 255, 255, 255, 255, 255, 
 255, 255, 255, 255, 255, 255, 255, 255, 255, 255, 255, 
 255, 255, 255, 255, 255, 255, 255, 255, 255, 255, 255, 
 255, 255, 255, 255, 255, 255, 255, 255, 255, 255, 255, 
 255, 255, 255, 255, 255, 255, 255, 255, 255, 255, 255, 
 255, 255, 255, 255, 255, 255, 255, 255, 255, 255, 255, 
 255, 255, 255, 255, 255, 255, 255, 255, 255, 255, 255, 
 255, 255, 255, 255, 255, 255, 255, 255, 255, 255, 255, 
 255, 255, 255, 255, 255, 255, 255, 255, 255, 255, 255, 
 255, 255, 255, 255, 255, 255, 255, 255, 255, 255, 255, 
 255, 255, 255, 255, 255, 255, 255, 255, 255, 255, 255, 
 255, 255, 255, 255, 255, 255, 255, 255, 255, 255, 255, 
 255, 255, 255, 255, 255, 255, 255, 255, 255, 255, 255, 
 255, 255, 255, 255, 255, 255, 255, 255, 255, 255, 255, 
 255, 255, 255, 255, 255, 255, 255, 255, 255, 255, 255, 
 255, 255, 255, 255, 255, 255, 255, 255, 255, 255, 255, 
 255, 255, 255, 255, 255, 255, 255, 255, 255, 255, 255, 
 255, 255, 255, 255, 255, 255, 255, 255, 255, 255, 255, 
 255, 255, 255, 255, 255, 255, 255, 255, 255, 255, 255, 
 255, 255, 255, 255, 255, 255, 255, 255, 255, 255, 255, 
 255, 255, 255, 255, 255, 255, 255, 255, 255, 255, 255, 
 255, 255, 255, 255, 255, 255, 255, 255, 255, 255, 255, 
 255, 255, 255, 255, 255, 255, 255, 255, 255, 255, 255, 
 255, 255, 255, 255, 255, 255, 255, 255, 255, 255, 255, 
 255, 255, 255, 255, 255, 255, 255, 255, 255, 255, 255, 
 255, 255, 255, 255, 255, 255, 255, 255, 255, 255, 255, 
 255, 255, 255, 255, 255, 255, 255, 255, 255, 255, 255, 
 255, 255, 255, 255, 255, 255, 255, 255, 255, 255, 255, 
 255, 255, 255, 255, 255, 255, 255, 255, 255, 255, 255, 
 255, 255, 255, 255, 255, 255, 255, 255, 255, 255, 255, 
 255, 255, 255, 255, 255, 255, 255, 255, 255, 255, 255, 
 255, 255, 255, 255, 255, 255, 255, 255, 255, 255, 255, 
 255, 255, 255, 255, 255, 255, 255, 255, 255, 255, 255, 
 255, 255, 255, 255, 255, 255, 255, 255, 255, 255, 255, 
 255, 255, 255, 255, 255, 255, 255, 255, 255, 255, 255, 
 255, 255, 255, 255, 255, 255, 255, 255, 255, 255, 255, 
 255, 255, 255, 255, 255, 255, 255, 255, 255, 255, 255, 
 255, 255, 255, 255, 255, 255, 255, 255, 255, 255, 255, 
 255, 255, 255, 255, 255, 255, 255, 255, 255, 255, 255, 
 255, 255, 255, 255, 255, 255, 255, 255, 255, 255, 255, 
 255, 255, 255, 255, 255, 255, 255, 255, 255, 255, 255, 
 255, 255, 255, 255, 255, 255, 255, 255, 255, 255, 255, 
 255, 255, 255, 255, 255, 255, 255, 255, 255, 255, 255, 
 255, 255, 255, 255, 255, 255, 255, 255, 255, 255, 255, 
 255, 255, 255, 255, 255, 255, 255, 255, 255, 255, 255, 
 255, 255, 255, 255, 255, 255, 255, 255, 255, 255, 255, 
 255, 255, 255, 255, 255, 255, 255, 255, 255, 255, 255, 
 255, 255, 255, 255, 255, 255, 255, 255, 255, 255, 255, 
 255, 255, 255, 255, 255, 255, 255, 255, 255, 255, 255, 
 255, 255, 255, 255, 255, 255, 255, 255, 255, 255, 255, 
 255, 255, 255, 255, 255, 255, 255, 255, 255, 255, 255, 
 255, 255, 255, 255, 255, 255, 255, 255, 255, 255, 255, 
 255, 255, 255, 255, 255, 255, 255, 255, 255, 255, 255, 
 255, 255, 255, 255, 255, 255, 255, 255, 255, 255, 255, 
 255, 255, 255, 255, 255, 255, 255, 255, 255, 255, 255, 
 255, 255, 255, 255, 255, 255, 255, 255, 255, 255, 255, 
 255, 255, 255, 255, 255, 255, 255, 255, 255, 255, 255, 
 255, 255, 255, 255, 255, 255, 255, 255, 255, 255, 255, 
 255, 255, 255, 255, 255, 255, 255, 255, 255, 255, 255, 
 255, 255, 255, 255, 255, 255, 255, 255, 255, 255, 255, 
 255, 255, 255, 255, 255, 255, 255, 255, 255, 255, 255, 
 255, 255, 255, 255, 255, 255, 255, 255, 255, 255, 255, 
 255, 255, 255, 255, 255, 255, 255, 255, 255, 255, 255, 
 255, 255, 255, 255, 255, 255, 255, 255, 255, 255, 255, 
 255, 255, 255, 255, 255, 255, 255, 255, 255, 255, 255, 
 255, 255, 255, 255, 255, 255, 255, 255, 255, 255, 255, 
 255, 255, 255, 255, 255, 255, 255, 255, 255, 255, 255, 
 255, 255, 255, 255, 255, 255, 255, 255, 255, 255, 255, 
 255, 255, 255, 255, 255, 255, 255, 255, 255, 255, 255, 
 255, 255, 255, 255, 255, 255, 255, 255, 255, 255, 255, 
 255, 255, 255, 255, 255, 255, 255, 255, 255, 255, 255, 
 255, 255, 255, 255, 255, 255, 255, 255, 255, 255, 255, 
 255, 255, 255, 255, 255, 255, 255, 255, 255, 255, 255, 
 255, 255, 255, 255, 255, 255, 255, 255, 255, 255, 255, 
 255, 255, 255, 255, 255, 255, 255, 255, 255, 255, 255, 
 255, 255, 255, 255, 255, 255, 255, 255, 255, 255, 255, 
 255, 255, 255, 255, 255, 255, 255, 255, 255, 255, 255, 
 255, 255, 255, 255, 255, 255, 255, 255, 255, 255, 255, 
 255, 255, 255, 255, 255, 255, 255, 255, 255, 255, 255, 
 255, 255, 255, 255, 255, 255, 255, 255, 255, 255, 255, 
 255, 255, 255, 255, 255, 255, 255, 255, 255, 255, 255, 
 255, 255, 255, 255, 255, 255, 255, 255, 255, 255, 255, 
 255, 255, 255, 255, 255, 255, 255, 255, 255, 255, 255, 
 255, 255, 255, 255, 255, 255, 255, 255, 255, 255, 255, 
 255, 255, 255, 255, 255, 255, 255, 255, 255, 255, 255, 
 255, 255, 255, 255, 255, 255, 255, 255, 255, 255, 255, 
 255, 255, 255, 255, 255, 255, 255, 255, 255, 255, 255, 
 255, 255, 255, 255, 255, 255, 255, 255, 255, 255, 255, 
 255, 255, 255, 255, 255, 255, 255, 255, 255, 255, 255, 
 255, 255, 255, 255, 255, 255, 255, 255, 255, 255, 255, 
 255, 255, 255, 255, 255, 255, 255, 255, 255, 255, 255, 
 255, 255, 255, 255, 255, 255, 255, 255, 255, 255, 255, 
 255, 255, 255, 255, 255, 255, 255, 255, 255, 255, 255, 
 255, 255, 255, 255, 255, 255, 255, 255, 255, 255, 255, 
 255, 255, 255, 255, 255, 255, 255, 255, 255, 255, 255, 
 255, 255, 255, 255, 255, 255, 255, 255, 255, 255, 255, 
 255, 255, 255, 255, 255, 255, 255, 255, 255, 255, 255, 
 255, 255, 255, 255, 255, 255, 255, 255, 255, 255, 255, 
 255, 255, 255, 255, 255, 255, 255, 255, 255, 255, 255, 
 255, 255, 255, 255, 255, 255, 255, 255, 255, 255, 255, 
 255, 255, 255, 255, 255, 255, 255, 255, 255, 255, 255, 
 255, 255, 255, 255, 255, 255, 255, 255, 255, 255, 255, 
 255, 255, 255, 255, 255, 255, 255, 255, 255, 255, 255, 
 255, 255, 255, 255, 255, 255, 255, 255, 255, 255, 255, 
 255, 255, 255, 255, 255, 255, 255, 255, 255, 255, 255, 
 255, 255, 255, 255, 255, 255, 255, 255, 255, 255, 255, 
 255, 255, 255, 255, 255, 255, 255, 255, 255, 255, 255, 
 255, 255, 255, 255, 255, 255, 255, 255, 255, 255, 255, 
 255, 255, 255, 255, 255, 255, 255, 255, 255, 255, 255, 
 255, 255, 255, 255, 255, 255, 255, 255, 255, 255, 255, 
 255, 255, 255, 255, 255, 255, 255, 255, 255, 255, 255, 
 255, 255, 255, 255, 255, 255, 255, 255, 255, 255, 255, 
 255, 255, 255, 255, 255, 255, 255, 255, 255, 255, 255, 
 255, 255, 255, 255, 255, 255, 255, 255, 255, 255, 255, 
 255, 255, 255, 255, 255, 255, 255, 255, 255, 255, 255, 
 255, 255, 255, 255, 255, 255, 255, 255, 255, 255, 255, 
 255, 255, 255, 255, 255, 255, 255, 255, 255, 255, 255, 
 255, 255, 255, 255, 255, 255, 255, 255, 255, 255, 255, 
 255, 255, 255, 255, 255, 255, 255, 255, 255, 255, 255, 
 255, 255, 255, 255, 255, 255, 255, 255, 255, 255, 255, 
 255, 255, 255, 255, 255, 255, 255, 255, 255, 255, 255, 
 255, 255, 255, 255, 255, 255, 255, 255, 255, 255, 255, 
 255, 255, 255, 255, 255, 255, 255, 255, 255, 255, 255, 
 255, 255, 255, 255, 255, 255, 255, 255, 255, 255, 255, 
 255, 255, 255, 255, 255, 255, 255, 255, 255, 255, 255, 
 255, 255, 255, 255, 255, 255, 255, 255, 255, 255, 255, 
 255, 255, 255, 255, 255, 255, 255, 255, 255, 255, 255, 
 255, 255, 255, 255, 255, 255, 255, 255, 255, 255, 255, 
 255, 255, 255, 255, 255, 255, 255, 255, 255, 255, 255, 
 255, 255, 255, 255, 255, 255, 255, 255, 255, 255, 255, 
 255, 255, 255, 255, 255, 255, 255, 255, 255, 255, 255, 
 255, 255, 255, 255, 255, 255, 255, 255, 255, 255, 255, 
 255, 255, 255, 255, 255, 255, 255, 255, 255, 255, 255, 
 255, 255, 255, 255, 255, 255, 255, 255, 255, 255, 255, 
 255, 255, 255, 255, 255, 255, 255, 255, 255, 255, 255, 
 255, 255, 255, 255, 255, 255, 255, 255, 255, 255, 255, 
 255, 255, 255, 255, 255, 255, 255, 255, 255, 255, 255, 
 255, 255, 255, 255, 255, 255, 255, 255, 255, 255, 255, 
 255, 255, 255, 255, 255, 255, 255, 255, 255, 255, 255, 
 255, 255, 255, 255, 255, 255, 255, 255, 255, 255, 255, 
 255, 255, 255, 255, 255, 255, 255, 255, 255, 255, 255, 
 255, 255, 255, 255, 255, 255, 255, 255, 255, 255, 255, 
 255, 255, 255, 255, 255, 255, 255, 255, 255, 255, 255, 
 255, 255, 255, 255, 255, 255, 255, 255, 255, 255, 255, 
 255, 255, 255, 255, 255, 255, 255, 255, 255, 255, 255, 
 255, 255, 255, 255, 255, 255, 255, 255, 255, 255, 255, 
 255, 255, 255, 255, 255, 255, 255, 255, 255, 255, 255, 
 255, 255, 255, 255, 255, 255, 255, 255, 255, 255, 255, 
 255, 255, 255, 255, 255, 255, 255, 255, 255, 255, 255, 
 255, 255, 255, 255, 255, 255, 255, 255, 255, 255, 255, 
 255, 255, 255, 255, 255, 255, 255, 255, 255, 255, 255, 
 255, 255, 255, 255, 255, 255, 255, 255, 255, 255, 255, 
 255, 255, 255, 255, 255, 255, 255, 255, 255, 255, 255, 
 255, 255, 255, 255, 255, 255, 255, 255, 255, 255, 255, 
 255, 255, 255, 255, 255, 255, 255, 255, 255, 255, 255, 
 255, 255, 255, 255, 255, 255, 255, 255, 255, 255, 255, 
 255, 255, 255, 255, 255, 255, 255, 255, 255, 255, 255, 
 255, 255, 255, 255, 255, 255, 255, 255, 255, 255, 255, 
 255, 255, 255, 255, 255, 255, 255, 255, 255, 255, 255, 
 255, 255, 255, 255, 255, 255, 255, 255, 255, 255, 255, 
 255, 255, 255, 255, 255, 255, 255, 255, 255, 255, 255, 
 255, 255, 255, 255, 255, 255, 255, 255, 255, 255, 255, 
 255, 255, 255, 255, 255, 255, 255, 255, 255, 255, 255, 
 255, 255, 255, 255, 255, 255, 255, 255, 255, 255, 255, 
 255, 255, 255, 255, 255, 255, 255, 255, 255, 255, 255, 
 255, 255, 255, 255, 255, 255, 255, 255, 255, 255, 255, 
 255, 255, 255, 255, 255, 255, 255, 255, 255, 255, 255, 
 255, 255, 255, 255, 255, 255, 255, 255, 255, 255, 255, 
 255, 255, 255, 255, 255, 255, 255, 255, 255, 255, 255, 
 255, 255, 255, 255, 255, 255, 255, 255, 255, 255, 255, 
 255, 255, 255, 255, 255, 255, 255, 255, 255, 255, 255, 
 255, 255, 255, 255, 255, 255, 255, 255, 255, 255, 255, 
 255, 255, 255, 255, 255, 255, 255, 255, 255, 255, 255, 
 255, 255, 255, 255, 255, 255, 255, 255, 255, 255, 255, 
 255, 255, 255, 255, 255, 255, 255, 255, 255, 255, 255, 
 255, 255, 255, 255, 255, 255, 255, 255, 255, 255, 255, 
 255, 255, 255, 255, 255, 255, 255, 255, 255, 255, 255, 
 255, 255, 255, 255, 255, 255, 255, 255, 255, 255, 255, 
 255, 255, 255, 255, 255, 255, 255, 255, 255, 255, 255, 
 255, 255, 255, 255, 255, 255, 255, 255, 255, 255, 255, 
 255, 255, 255, 255, 255, 255, 255, 255, 255, 255, 255, 
 255, 255, 255, 255, 255, 255, 255, 255, 255, 255, 255, 
 255, 255, 255, 255, 255, 255, 255, 255, 255, 255, 255, 
 255, 255, 255, 255, 255, 255, 255, 255, 255, 255, 255, 
 255, 255, 255, 255, 255, 255, 255, 255, 255, 255, 255, 
 255, 255, 255, 255, 255, 255, 255, 255, 255, 255, 255, 
 255, 255, 255, 255, 255, 255, 255, 255, 255, 255, 255, 
 255, 255, 255, 255, 255, 255, 255, 255, 255, 255, 255, 
 255, 255, 255, 255, 255, 255, 255, 255, 255, 255, 255, 
 255, 255, 255, 255, 255, 255, 255, 255, 255, 255, 255, 
 255, 255, 255, 255, 255, 255, 255, 255, 255, 255, 255, 
 255, 255, 255, 255, 255, 255, 255, 255, 255, 255, 255, 
 255, 255, 255, 255, 255, 255, 255, 255, 255, 255, 255, 
 255, 255, 255, 255, 255, 255, 255, 255, 255, 255, 255, 
 255, 255, 255, 255, 255, 255, 255, 255, 255, 255, 255, 
 255, 255, 255, 255, 255, 255, 255, 255, 255, 255, 255, 
 255, 255, 255, 255, 255, 255, 255, 255, 255, 255, 255, 
 255, 255, 255, 255, 255, 255, 255, 255, 255, 255, 255, 
 255, 255, 255, 255, 255, 255, 255, 255, 255, 255, 255, 
 255, 255, 255, 255, 255, 255, 255, 255, 255, 255, 255, 
 255, 255, 255, 255, 255, 255, 255, 255, 255, 255, 255, 
 255, 255, 255, 255, 255, 255, 255, 255, 255, 255, 255, 
 255, 255, 255, 255, 255, 255, 255, 255, 255, 255, 255, 
 255, 255, 255, 255, 255, 255, 255, 255, 255, 255, 255, 
 255, 255, 255, 255, 255, 255, 255, 255, 255, 255, 255, 
 255, 255, 255, 255, 255, 255, 255, 255, 255, 255, 255, 
 255, 255, 255, 255, 255, 255, 255, 255, 255, 255, 255, 
 255, 255, 255, 255, 255, 255, 255, 255, 255, 255, 255, 
 255, 255, 255, 255, 255, 255, 255, 255, 255, 255, 255, 
 255, 255, 255, 255, 255, 255, 255, 255, 255, 255, 255, 
 255, 255, 255, 255, 255, 255, 255, 255, 255, 255, 255, 
 255, 255, 255, 255, 255, 255, 255, 255, 255, 255, 255, 
 255, 255, 255, 255, 255, 255, 255, 255, 255, 255, 255, 
 255, 255, 255, 255, 255, 255, 255, 255, 255, 255, 255, 
 255, 255, 255, 255, 255, 255, 255, 255, 255, 255, 255, 
 255, 255, 255, 255, 255, 255, 255, 255, 255, 255, 255, 
 255, 255, 255, 255, 255, 255, 255, 255, 255, 255, 255, 
 255, 255, 255, 255, 255, 255, 255, 255, 255, 255, 255, 
 255, 255, 255, 255, 255, 255, 255, 255, 255, 255, 255, 
 255, 255, 255, 255, 255, 255, 255, 255, 255, 255, 255, 
 255, 255, 255, 255, 255, 255, 255, 255, 255, 255, 255, 
 255, 255, 255, 255, 255, 255, 255, 255, 255, 255, 255, 
 255, 255, 255, 255, 255, 255, 255, 255, 255, 255, 255, 
 255, 255, 255, 255, 255, 255, 255, 255, 255, 255, 255, 
 255, 255, 255, 255, 255, 255, 255, 255, 255, 255, 255, 
 255, 255, 255, 255, 255, 255, 255, 255, 255, 255, 255, 
 255, 255, 255, 255, 255, 255, 255, 255, 255, 255, 255, 
 255, 255, 255, 255, 255, 255, 255, 255, 255, 255, 255, 
 255, 255, 255, 255, 255, 255, 255, 255, 255, 255, 255, 
 255, 255, 255, 255, 255, 255, 255, 255, 255, 255, 255, 
 255, 255, 255, 255, 255, 255, 255, 255, 255, 255, 255, 
 255, 255, 255, 255, 255, 255, 255, 255, 255, 255, 255, 
 255, 255, 255, 255, 255, 255, 255, 255, 255, 255, 255, 
 255, 255, 255, 255, 255, 255, 255, 255, 255, 255, 255, 
 255, 255, 255, 255, 255, 255, 255, 255, 255, 255, 255, 
 255, 255, 255, 255, 255, 255, 255, 255, 255, 255, 255, 
 255, 255, 255, 255, 255, 255, 255, 255, 255, 255, 255, 
 255, 255, 255, 255, 255, 255, 255, 255, 255, 255, 255, 
 255, 255, 255, 255, 255, 255, 255, 255, 255, 255, 255, 
 255, 255, 255, 255, 255, 255, 255, 255, 255, 255, 255, 
 255, 255, 255, 255, 255, 255, 255, 255, 255, 255, 255, 
 255, 255, 255, 255, 255, 255, 255, 255, 255, 255, 255, 
 255, 255, 255, 255, 255, 255, 255, 255, 255, 255, 255, 
 255, 255, 255, 255, 255, 255, 255, 255, 255, 255, 255, 
 255, 255, 255, 255, 255, 255, 255, 255, 255, 255, 255, 
 255, 255, 255, 255, 255, 255, 255, 255, 255, 255, 255, 
 255, 255, 255, 255, 255, 255, 255, 255, 255, 255, 255, 
 255, 255, 255, 255, 255, 255, 255, 255, 255, 255, 255, 
 255, 255, 255, 255, 255, 255, 255, 255, 255, 255, 255, 
 255, 255, 255, 255, 255, 255, 255, 255, 255, 255, 255, 
 255, 255, 255, 255, 255, 255, 255, 255, 255, 255, 255, 
 255, 255, 255, 255, 255, 255, 255, 255, 255, 255, 255, 
 255, 255, 255, 255, 255, 255, 255, 255, 255, 255, 255, 
 255, 255, 255, 255, 255, 255, 255, 255, 255, 255, 255, 
 255, 255, 255, 255, 255, 255, 255, 255, 255, 255, 255, 
 255, 255, 255, 255, 255, 255, 255, 255, 255, 255, 255, 
 255, 255, 255, 255, 255, 255, 255, 255, 255, 255, 255, 
 255, 255, 255, 255, 255, 255, 255, 255, 255, 255, 255, 
 255, 255, 255, 255, 255, 255, 255, 255, 255, 255, 255, 
 255, 255, 255, 255, 255, 255, 255, 255, 255, 255, 255, 
 255, 255, 255, 255, 255, 255, 255, 255, 255, 255, 255, 
 255, 255, 255, 255, 255, 255, 255, 255, 255, 255, 255, 
 255, 255, 255, 255, 255, 255, 255, 255, 255, 255, 255, 
 255, 255, 255, 255, 255, 255, 255, 255, 255, 255, 255, 
 255, 255, 255, 255, 255, 255, 255, 255, 255, 255, 255, 
 255, 255, 255, 255, 255, 255, 255, 255, 255, 255, 255, 
 255, 255, 255, 255, 255, 255, 255, 255, 255, 255, 255, 
 255, 255, 255, 255, 255, 255, 255, 255, 255, 255, 255, 
 255, 255, 255, 255, 255, 255, 255, 255, 255, 255, 255, 
 255, 255, 255, 255, 255, 255, 255, 255, 255, 255, 255, 
 255, 255, 255, 255, 255, 255, 255, 255, 255, 255, 255, 
 255, 255, 255, 255, 255, 255, 255, 255, 255, 255, 255, 
 255, 255, 255, 255, 255, 255, 255, 255, 255, 255, 255, 
 255, 255, 255, 255, 255, 255, 255, 255, 255, 255, 255, 
 255, 255, 255, 255, 255, 255, 255, 255, 255, 255, 255, 
 255, 255, 255, 255, 255, 255, 255, 255, 255, 255, 255, 
 255, 255, 255, 255, 255, 255, 255, 255, 255, 255, 255, 
 255, 255, 255, 255, 255, 255, 255, 255, 255, 255, 255, 
 255, 255, 255, 255, 255, 255, 255, 255, 255, 255, 255, 
 255, 255, 255, 255, 255, 255, 255, 255, 255, 255, 255, 
 255, 255, 255, 255, 255, 255, 255, 255, 255, 255, 255, 
 255, 255, 255, 255, 255, 255, 255, 255, 255, 255, 255, 
 255, 255, 255, 255, 255, 255, 255, 255, 255,
