255, 255, 255, 255, 255, 255, 255, 255, 255, 255, 255, 
 255, 255, 255, 255, 255, 255, 255, 255, 255, 255, 255, 
 255, 255, 255, 255, 255, 255, 255, 255, 255, 255, 255, 
 255, 255, 255, 255, 255, 255, 255, 255, 255, 255, 255, 
 255, 255, 255, 255, 255, 255, 255, 255, 255, 255, 255, 
 255, 255, 255, 255, 255, 255, 255, 255, 255, 255, 255, 
 255, 255, 255, 255, 255, 255, 255, 255, 255, 255, 255, 
 255, 255, 255, 255, 255, 255, 255, 255, 255, 255, 255, 
 255, 255, 255, 255, 255, 255, 255, 255, 255, 255, 255, 
 255, 255, 255, 255, 255, 255, 255, 255, 255, 255, 255, 
 255, 255, 255, 255, 255, 255, 255, 255, 255, 255, 255, 
 255, 255, 255, 255, 255, 255, 255, 255, 255, 255, 255, 
 255, 255, 255, 255, 255, 255, 255, 255, 255, 255, 255, 
 255, 255, 255, 255, 255, 255, 255, 255, 255, 255, 255, 
 255, 255, 255, 255, 255, 255, 255, 255, 255, 255, 255, 
 255, 255, 255, 255, 255, 255, 255, 255, 255, 255, 255, 
 255, 255, 255, 255, 255, 255, 255, 255, 255, 255, 255, 
 255, 255, 255, 255, 255, 255, 255, 255, 255, 255, 255, 
 255, 255, 255, 255, 255, 255, 255, 255, 255, 255, 255, 
 255, 255, 255, 255, 255, 255, 255, 255, 255, 255, 255, 
 255, 255, 255, 255, 255, 255, 255, 255, 255, 255, 255, 
 255, 255, 255, 255, 255, 255, 255, 255, 255, 255, 255, 
 255, 255, 255, 255, 255, 255, 255, 255, 255, 255, 255, 
 255, 255, 255, 255, 255, 255, 255, 255, 255, 255, 255, 
 255, 255, 255, 255, 255, 255, 255, 255, 255, 255, 255, 
 255, 255, 255, 255, 255, 255, 255, 255, 255, 255, 255, 
 255, 255, 255, 255, 255, 255, 255, 255, 255, 255, 255, 
 255, 255, 255, 255, 255, 255, 255, 255, 255, 255, 255, 
 255, 255, 255, 255, 255, 255, 255, 255, 255, 255, 255, 
 255, 255, 255, 255, 255, 255, 255, 255, 255, 255, 255, 
 255, 255, 255, 255, 255, 255, 255, 255, 255, 255, 255, 
 255, 255, 255, 255, 255, 255, 255, 255, 255, 255, 255, 
 255, 255, 255, 255, 255, 255, 255, 255, 255, 255, 255, 
 255, 255, 255, 255, 255, 255, 255, 255, 255, 255, 255, 
 255, 255, 255, 255, 255, 255, 255, 255, 255, 255, 255, 
 255, 255, 255, 255, 255, 255, 255, 255, 255, 255, 255, 
 255, 255, 255, 255, 255, 255, 255, 255, 255, 255, 255, 
 255, 255, 255, 255, 255, 255, 255, 255, 255, 255, 255, 
 255, 255, 255, 255, 255, 255, 255, 255, 255, 255, 255, 
 255, 255, 255, 255, 255, 255, 255, 255, 255, 255, 255, 
 255, 255, 255, 255, 255, 255, 255, 255, 255, 255, 255, 
 255, 255, 255, 255, 255, 255, 255, 255, 255, 255, 255, 
 255, 255, 255, 255, 255, 255, 255, 255, 255, 255, 255, 
 255, 255, 255, 255, 255, 255, 255, 255, 255, 255, 255, 
 255, 255, 255, 255, 255, 255, 255, 255, 255, 255, 255, 
 255, 255, 255, 255, 255, 255, 255, 255, 255, 255, 255, 
 255, 255, 255, 255, 255, 255, 255, 255, 255, 255, 255, 
 255, 255, 255, 255, 255, 255, 255, 255, 255, 255, 255, 
 255, 255, 255, 255, 255, 255, 255, 255, 255, 255, 255, 
 255, 255, 255, 255, 255, 255, 255, 255, 255, 255, 255, 
 255, 255, 255, 255, 255, 255, 255, 255, 255, 255, 255, 
 255, 255, 255, 255, 255, 255, 255, 255, 255, 255, 255, 
 255, 255, 255, 255, 255, 255, 255, 255, 255, 255, 255, 
 255, 255, 255, 255, 255, 255, 255, 255, 255, 255, 255, 
 255, 255, 255, 255, 255, 255, 255, 255, 255, 255, 255, 
 255, 255, 255, 255, 255, 255, 255, 255, 255, 255, 255, 
 255, 255, 255, 255, 255, 255, 255, 255, 255, 255, 255, 
 255, 255, 255, 255, 255, 255, 255, 255, 255, 255, 255, 
 255, 255, 255, 255, 255, 255, 255, 255, 255, 255, 255, 
 255, 255, 255, 255, 255, 255, 255, 255, 255, 255, 255, 
 255, 255, 255, 255, 255, 255, 255, 255, 255, 255, 255, 
 255, 255, 255, 255, 255, 255, 255, 255, 255, 255, 255, 
 255, 255, 255, 255, 255, 255, 255, 255, 255, 255, 255, 
 255, 255, 255, 255, 255, 255, 255, 255, 255, 255, 255, 
 255, 255, 255, 255, 255, 255, 255, 255, 255, 255, 255, 
 255, 255, 255, 255, 255, 255, 255, 255, 255, 255, 255, 
 255, 255, 255, 255, 255, 255, 255, 255, 255, 255, 255, 
 255, 255, 255, 255, 255, 255, 255, 255, 255, 255, 255, 
 255, 255, 255, 255, 255, 255, 255, 255, 255, 255, 255, 
 255, 255, 255, 255, 255, 255, 255, 255, 255, 255, 255, 
 255, 255, 255, 255, 255, 255, 255, 255, 255, 255, 255, 
 255, 255, 255, 255, 255, 255, 255, 255, 255, 255, 255, 
 255, 255, 255, 255, 255, 255, 255, 255, 255, 255, 255, 
 255, 255, 255, 255, 255, 255, 255, 255, 255, 255, 255, 
 255, 255, 255, 255, 255, 255, 255, 255, 255, 255, 255, 
 255, 255, 255, 255, 255, 255, 255, 255, 255, 255, 255, 
 255, 255, 255, 255, 255, 255, 255, 255, 255, 255, 255, 
 255, 255, 255, 255, 255, 255, 255, 255, 255, 255, 255, 
 255, 255, 255, 255, 255, 255, 255, 255, 255, 255, 255, 
 255, 255, 255, 255, 255, 255, 255, 255, 255, 255, 255, 
 255, 255, 255, 255, 255, 255, 255, 255, 255, 255, 255, 
 255, 255, 255, 255, 255, 255, 255, 255, 255, 255, 255, 
 255, 255, 255, 255, 255, 255, 255, 255, 255, 255, 255, 
 255, 255, 255, 255, 255, 255, 255, 255, 255, 255, 255, 
 255, 255, 255, 255, 255, 255, 255, 255, 255, 255, 255, 
 255, 255, 255, 255, 255, 255, 255, 255, 255, 255, 255, 
 255, 255, 255, 255, 255, 255, 255, 255, 255, 255, 255, 
 255, 255, 255, 255, 255, 255, 255, 255, 255, 255, 255, 
 255, 255, 255, 255, 255, 255, 255, 255, 255, 255, 255, 
 255, 255, 255, 255, 255, 255, 255, 255, 255, 255, 255, 
 255, 255, 255, 255, 255, 255, 255, 255, 255, 255, 255, 
 255, 255, 255, 255, 255, 255, 255, 255, 255, 255, 255, 
 255, 255, 255, 255, 255, 255, 255, 255, 255, 255, 255, 
 255, 255, 255, 255, 255, 255, 255, 255, 255, 255, 255, 
 255, 255, 255, 255, 255, 255, 255, 255, 255, 255, 255, 
 255, 255, 255, 255, 255, 255, 255, 255, 255, 255, 255, 
 255, 255, 255, 255, 255, 255, 255, 255, 255, 255, 255, 
 255, 255, 255, 255, 255, 255, 255, 255, 255, 255, 255, 
 255, 255, 255, 255, 255, 255, 255, 255, 255, 255, 255, 
 255, 255, 255, 255, 255, 255, 255, 255, 255, 255, 255, 
 255, 255, 255, 255, 255, 255, 255, 255, 255, 255, 255, 
 255, 255, 255, 255, 255, 255, 255, 255, 255, 255, 255, 
 255, 255, 255, 255, 255, 255, 255, 255, 255, 255, 255, 
 255, 255, 255, 255, 255, 255, 255, 255, 255, 255, 255, 
 255, 255, 255, 255, 255, 255, 255, 255, 255, 255, 255, 
 255, 255, 255, 255, 255, 255, 255, 255, 255, 255, 255, 
 255, 255, 255, 255, 255, 255, 255, 255, 255, 255, 255, 
 255, 255, 255, 255, 255, 255, 255, 255, 255, 255, 255, 
 255, 255, 255, 255, 255, 255, 255, 255, 255, 255, 255, 
 255, 255, 255, 255, 255, 255, 255, 255, 255, 255, 255, 
 255, 255, 255, 255, 255, 255, 255, 255, 255, 255, 255, 
 255, 255, 255, 255, 255, 255, 255, 255, 255, 255, 255, 
 255, 255, 255, 255, 255, 255, 255, 255, 255, 255, 255, 
 255, 255, 255, 255, 255, 255, 255, 255, 255, 255, 255, 
 255, 255, 255, 255, 255, 255, 255, 255, 255, 255, 255, 
 255, 255, 255, 255, 255, 255, 255, 255, 255, 255, 255, 
 255, 255, 255, 255, 255, 255, 255, 255, 255, 255, 255, 
 255, 255, 255, 255, 255, 255, 255, 255, 255, 255, 255, 
 255, 255, 255, 255, 255, 255, 255, 255, 255, 255, 255, 
 255, 255, 255, 255, 255, 255, 255, 255, 255, 255, 255, 
 255, 255, 255, 255, 255, 255, 255, 255, 255, 255, 255, 
 255, 255, 255, 255, 255, 255, 255, 255, 255, 255, 255, 
 255, 255, 255, 255, 255, 255, 255, 255, 255, 255, 255, 
 255, 255, 255, 255, 255, 255, 255, 255, 255, 255, 255, 
 255, 255, 255, 255, 255, 255, 255, 255, 255, 255, 255, 
 255, 255, 255, 255, 255, 255, 255, 255, 255, 255, 255, 
 255, 255, 255, 255, 255, 255, 255, 255, 255, 255, 255, 
 255, 255, 255, 255, 255, 255, 255, 255, 255, 255, 255, 
 255, 255, 255, 255, 255, 252, 127, 63, 255, 128, 0, 7, 
 255, 255, 255, 255, 255, 255, 255, 255, 255, 255, 7, 63, 
 255, 128, 0, 7, 255, 255, 255, 255, 255, 255, 255, 255, 
 252, 0, 0, 1, 255, 128, 0, 7, 255, 255, 255, 255, 255, 
 255, 255, 255, 255, 254, 227, 63, 255, 255, 255, 255, 
 255, 255, 255, 255, 255, 255, 255, 255, 255, 254, 199, 
 63, 255, 255, 255, 255, 255, 255, 255, 255, 255, 255, 
 255, 255, 254, 126, 127, 31, 255, 128, 0, 7, 255, 255, 
 255, 255, 255, 255, 255, 255, 255, 31, 56, 255, 255, 128, 
 0, 7, 255, 255, 255, 255, 255, 255, 255, 255, 255, 192, 
 24, 255, 255, 255, 240, 7, 255, 255, 255, 255, 255, 255, 
 255, 255, 255, 252, 0, 1, 255, 255, 240, 63, 255, 255, 
 255, 255, 255, 255, 255, 255, 255, 255, 255, 255, 255, 
 255, 224, 255, 255, 255, 255, 255, 255, 255, 255, 255, 
 255, 255, 255, 255, 255, 255, 131, 255, 255, 255, 255, 
 255, 255, 255, 255, 255, 254, 1, 8, 193, 255, 254, 15, 
 255, 255, 255, 255, 255, 255, 255, 255, 255, 254, 127, 
 24, 255, 255, 248, 63, 255, 255, 255, 255, 255, 255, 255, 
 255, 255, 254, 126, 62, 63, 255, 225, 255, 255, 255, 255, 
 255, 255, 255, 255, 255, 255, 255, 28, 255, 191, 255, 
 129, 255, 255, 255, 255, 255, 255, 255, 255, 255, 255, 
 255, 231, 255, 255, 255, 128, 0, 7, 255, 255, 255, 255, 
 255, 255, 255, 255, 255, 231, 255, 207, 255, 128, 0, 7, 
 255, 255, 255, 255, 255, 255, 255, 255, 255, 240, 63, 
 207, 255, 255, 255, 255, 255, 255, 255, 255, 255, 255, 
 255, 255, 255, 255, 31, 207, 255, 255, 255, 255, 255, 
 255, 255, 255, 255, 255, 255, 255, 255, 255, 255, 207, 
 255, 128, 0, 7, 255, 255, 255, 255, 255, 255, 255, 255, 
 255, 0, 15, 207, 255, 128, 0, 7, 255, 255, 255, 255, 255, 
 255, 255, 255, 254, 63, 252, 1, 255, 143, 255, 199, 255, 
 255, 255, 255, 255, 255, 255, 255, 254, 127, 255, 207, 
 255, 159, 255, 199, 255, 255, 255, 255, 255, 255, 255, 
 255, 254, 127, 241, 207, 255, 159, 255, 199, 255, 255, 
 255, 255, 255, 255, 255, 255, 254, 127, 135, 207, 255, 
 159, 255, 199, 255, 255, 255, 255, 255, 255, 255, 255, 
 254, 127, 63, 207, 255, 159, 255, 199, 255, 255, 255, 
 255, 255, 255, 255, 255, 254, 127, 252, 1, 255, 159, 255, 
 199, 255, 255, 255, 255, 255, 255, 255, 255, 255, 7, 252, 
 137, 255, 159, 251, 199, 255, 255, 255, 255, 255, 255, 
 255, 255, 255, 201, 255, 207, 255, 159, 227, 199, 255, 
 255, 255, 255, 255, 255, 255, 255, 255, 252, 15, 207, 
 255, 128, 3, 199, 255, 255, 255, 255, 255, 255, 255, 255, 
 255, 224, 255, 207, 255, 128, 3, 199, 255, 255, 255, 255, 
 255, 255, 255, 255, 255, 243, 255, 207, 255, 255, 255, 
 255, 255, 255, 255, 255, 255, 255, 255, 255, 255, 247, 
 255, 239, 255, 255, 255, 255, 255, 255, 255, 255, 255, 
 255, 255, 255, 255, 248, 124, 231, 255, 255, 255, 255, 
 255, 255, 255, 255, 255, 255, 255, 255, 255, 254, 12, 
 231, 255, 128, 0, 7, 255, 255, 255, 255, 255, 255, 255, 
 255, 254, 0, 0, 7, 255, 128, 0, 7, 255, 255, 255, 255, 
 255, 255, 255, 255, 255, 255, 204, 247, 255, 159, 255, 
 199, 255, 255, 255, 255, 255, 255, 255, 255, 255, 255, 
 156, 243, 255, 159, 255, 199, 255, 255, 255, 255, 255, 
 255, 255, 255, 255, 249, 60, 243, 255, 159, 255, 199, 
 255, 255, 255, 255, 255, 255, 255, 255, 255, 249, 243, 
 255, 255, 159, 255, 199, 255, 255, 255, 255, 255, 255, 
 255, 255, 255, 249, 231, 207, 255, 159, 255, 199, 255, 
 255, 255, 255, 255, 255, 255, 255, 255, 249, 143, 159, 
 255, 159, 255, 199, 255, 255, 255, 255, 255, 255, 255, 
 255, 255, 252, 254, 63, 255, 159, 255, 199, 255, 255, 
 255, 255, 255, 255, 255, 255, 255, 252, 255, 127, 255, 
 159, 255, 199, 255, 255, 255, 255, 255, 255, 255, 255, 
 254, 0, 0, 1, 255, 159, 255, 199, 255, 255, 255, 255, 
 255, 255, 255, 255, 255, 252, 255, 255, 255, 159, 255, 
 199, 255, 255, 255, 255, 255, 255, 255, 255, 255, 252, 
 255, 255, 255, 255, 255, 255, 255, 255, 255, 255, 255, 
 255, 255, 255, 255, 252, 255, 255, 255, 255, 255, 255, 
 255, 255, 255, 255, 255, 255, 255, 255, 255, 255, 63, 
 127, 255, 128, 0, 7, 255, 255, 255, 255, 255, 255, 255, 
 255, 254, 127, 31, 63, 255, 128, 0, 7, 255, 255, 255, 
 255, 255, 255, 255, 255, 254, 127, 31, 63, 255, 255, 15, 
 255, 255, 255, 255, 255, 255, 255, 255, 255, 255, 0, 0, 
 1, 255, 255, 143, 255, 255, 255, 255, 255, 255, 255, 255, 
 255, 255, 255, 207, 63, 255, 255, 207, 255, 255, 255, 
 255, 255, 255, 255, 255, 255, 254, 255, 199, 63, 255, 
 255, 207, 255, 255, 255, 255, 255, 255, 255, 255, 255, 
 254, 127, 243, 223, 255, 255, 207, 255, 255, 255, 255, 
 255, 255, 255, 255, 255, 254, 63, 247, 223, 255, 255, 
 207, 255, 255, 255, 255, 255, 255, 255, 255, 255, 255, 
 30, 7, 223, 255, 255, 207, 255, 255, 255, 255, 255, 255, 
 255, 255, 255, 255, 152, 247, 223, 255, 255, 207, 255, 
 255, 255, 255, 255, 255, 255, 255, 255, 255, 195, 240, 1, 
 255, 128, 0, 7, 255, 255, 255, 255, 255, 255, 255, 255, 
 255, 195, 240, 1, 255, 128, 0, 7, 255, 255, 255, 255, 
 255, 255, 255, 255, 255, 24, 247, 223, 255, 255, 255, 
 255, 255, 255, 255, 255, 255, 255, 255, 255, 255, 62, 7, 
 223, 255, 255, 255, 255, 255, 255, 255, 255, 255, 255, 
 255, 255, 254, 127, 227, 223, 255, 255, 255, 255, 255, 
 255, 255, 255, 255, 255, 255, 255, 254, 127, 255, 159, 
 255, 128, 0, 7, 255, 255, 255, 255, 255, 255, 255, 255, 
 255, 255, 255, 255, 255, 128, 0, 7, 255, 255, 255, 255, 
 255, 255, 255, 255, 255, 255, 255, 255, 255, 255, 255, 
 255, 255, 255, 255, 255, 255, 255, 255, 255, 255, 255, 
 255, 255, 255, 255, 255, 255, 255, 255, 255, 255, 255, 
 255, 255, 255, 255, 255, 255, 255, 255, 191, 255, 247, 
 255, 255, 255, 255, 255, 255, 255, 255, 255, 255, 255, 
 255, 255, 128, 0, 7, 255, 255, 255, 255, 255, 255, 255, 
 255, 255, 255, 255, 255, 255, 254, 63, 199, 255, 255, 
 255, 255, 255, 255, 255, 255, 255, 255, 255, 255, 255, 
 254, 63, 199, 255, 255, 255, 255, 255, 255, 255, 255, 
 255, 248, 3, 255, 255, 254, 63, 199, 255, 255, 255, 255, 
 255, 255, 255, 255, 255, 3, 248, 31, 255, 254, 63, 199, 
 255, 255, 255, 255, 255, 255, 255, 255, 252, 127, 255, 
 135, 255, 254, 63, 199, 255, 255, 255, 255, 255, 255, 
 255, 255, 251, 255, 255, 247, 255, 254, 63, 199, 255, 
 255, 255, 255, 255, 255, 255, 255, 255, 255, 255, 255, 
 255, 254, 63, 199, 255, 255, 255, 255, 255, 255, 255, 
 255, 255, 255, 255, 255, 255, 254, 63, 7, 255, 255, 255, 
 255, 255, 255, 255, 255, 255, 255, 255, 255, 255, 254, 0, 
 7, 255, 255, 255, 255, 255, 255, 255, 255, 255, 255, 255, 
 255, 255, 254, 0, 7, 255, 255, 255, 255, 255, 255, 255, 
 255, 255, 255, 255, 255, 255, 255, 255, 255, 255, 255, 
 255, 255, 255, 255, 255, 255, 255, 255, 255, 255, 255, 
 255, 255, 255, 255, 255, 255, 255, 255, 255, 255, 255, 
 255, 115, 255, 207, 255, 255, 255, 255, 255, 255, 255, 
 255, 255, 255, 255, 255, 254, 120, 115, 207, 255, 131, 
 192, 7, 255, 255, 255, 255, 255, 255, 255, 255, 255, 63, 
 19, 207, 255, 135, 192, 7, 255, 255, 255, 255, 255, 255, 
 255, 255, 255, 143, 243, 207, 255, 143, 207, 199, 255, 
 255, 255, 255, 255, 255, 255, 255, 255, 195, 243, 1, 255, 
 143, 207, 199, 255, 255, 255, 255, 255, 255, 255, 255, 
 255, 240, 3, 79, 255, 159, 207, 199, 255, 255, 255, 255, 
 255, 255, 255, 255, 254, 127, 0, 79, 255, 159, 207, 199, 
 255, 255, 255, 255, 255, 255, 255, 255, 254, 127, 243, 
 207, 255, 159, 207, 199, 255, 255, 255, 255, 255, 255, 
 255, 255, 254, 127, 243, 207, 255, 159, 207, 199, 255, 
 255, 255, 255, 255, 255, 255, 255, 254, 127, 243, 207, 
 255, 159, 207, 199, 255, 255, 255, 255, 255, 255, 255, 
 255, 254, 63, 243, 1, 255, 128, 14, 7, 255, 255, 255, 
 255, 255, 255, 255, 255, 255, 128, 3, 199, 255, 128, 14, 
 7, 255, 255, 255, 255, 255, 255, 255, 255, 255, 255, 27, 
 207, 255, 128, 14, 7, 255, 255, 255, 255, 255, 255, 255, 
 255, 255, 254, 31, 207, 255, 255, 255, 255, 255, 255, 
 255, 255, 255, 255, 255, 255, 255, 240, 127, 207, 255, 
 255, 255, 255, 255, 255, 255, 255, 255, 255, 255, 255, 
 255, 247, 255, 223, 255, 255, 255, 255, 255, 255, 255, 
 255, 255, 255, 255, 255, 255, 255, 159, 255, 255, 255, 
 255, 255, 255, 255, 255, 255, 255, 255, 255, 255, 254, 
 31, 224, 255, 255, 255, 255, 255, 255, 255, 255, 255, 
 255, 255, 255, 255, 255, 131, 252, 255, 255, 255, 255, 
 255, 255, 255, 255, 255, 255, 255, 255, 255, 255, 240, 0, 
 1, 255, 255, 255, 255, 255, 255, 255, 255, 255, 255, 255, 
 255, 255, 255, 248, 255, 255, 255, 255, 255, 255, 255, 
 255, 255, 255, 255, 255, 255, 255, 255, 248, 255, 255, 
 255, 255, 255, 255, 255, 255, 255, 255, 255, 255, 255, 
 255, 255, 131, 255, 255, 255, 255, 255, 255, 255, 255, 
 255, 255, 255, 255, 255, 255, 255, 207, 255, 255, 255, 
 255, 255, 255, 255, 255, 255, 255, 255, 255, 255, 254, 0, 
 0, 1, 255, 255, 255, 255, 255, 255, 255, 255, 255, 255, 
 255, 255, 254, 255, 248, 253, 255, 255, 255, 255, 255, 
 255, 255, 255, 255, 255, 255, 255, 255, 255, 248, 255, 
 255, 255, 255, 255, 255, 255, 255, 255, 255, 255, 255, 
 255, 255, 255, 131, 255, 255, 255, 255, 255, 255, 255, 
 255, 255, 255, 255, 255, 255, 255, 255, 223, 255, 255, 
 255, 255, 255, 255, 255, 255, 255, 255, 255, 255, 255, 
 254, 0, 8, 1, 255, 255, 255, 255, 255, 255, 255, 255, 
 255, 255, 255, 255, 255, 255, 255, 255, 255, 255, 255, 
 255, 255, 255, 255, 255, 255, 255, 255, 255, 255, 255, 
 255, 255, 255, 255, 255, 255, 255, 255, 255, 255, 255, 
 255, 255, 255, 255, 255, 255, 255, 255, 255, 255, 255, 
 255, 255, 255, 255, 255, 255, 255, 255, 255, 255, 255, 
 255, 255, 255, 255, 255, 255, 255, 255, 255, 255, 255, 
 255, 255, 255, 255, 255, 255, 255, 255, 255, 255, 255, 
 255, 255, 255, 255, 255, 255, 255, 255, 255, 255, 255, 
 255, 255, 255, 255, 255, 255, 255, 255, 255, 255, 255, 
 255, 255, 255, 255, 255, 255, 255, 255, 255, 255, 255, 
 255, 255, 255, 255, 255, 255, 255, 255, 255, 255, 255, 
 255, 255, 255, 255, 255, 255, 255, 255, 255, 255, 255, 
 249, 255, 255, 231, 255, 255, 255, 255, 255, 255, 255, 
 255, 255, 255, 255, 255, 252, 63, 255, 135, 255, 255, 
 255, 255, 255, 255, 255, 255, 255, 255, 255, 255, 255, 
 128, 0, 127, 255, 255, 255, 255, 255, 255, 255, 255, 255, 
 255, 255, 255, 255, 252, 7, 255, 255, 255, 255, 255, 255, 
 255, 255, 255, 255, 255, 255, 255, 255, 255, 255, 255, 
 255, 255, 255, 255, 255, 255, 255, 255, 255, 255, 255, 
 255, 255, 255, 255, 255, 255, 255, 255, 255, 255, 255, 
 255, 255, 255, 255, 255, 255, 255, 255, 255, 255, 255, 
 255, 255, 255, 255, 255, 255, 255, 255, 255, 255, 255, 
 255, 255, 255, 255, 255, 255, 255, 255, 255, 255, 255, 
 255, 255, 255, 255, 255, 255, 255, 255, 255, 255, 255, 
 255, 255, 255, 255, 255, 255, 255, 255, 255, 255, 255, 
 255, 255, 255, 255, 255, 255, 255, 255, 255, 255, 255, 
 255, 255, 255, 255, 255, 255, 191, 255, 255, 255, 255, 
 255, 255, 255, 255, 255, 255, 255, 255, 255, 255, 255, 
 31, 207, 255, 255, 255, 255, 255, 255, 255, 255, 255, 
 255, 255, 255, 255, 255, 199, 207, 255, 255, 255, 255, 
 255, 255, 255, 255, 255, 255, 255, 255, 255, 255, 195, 
 207, 255, 255, 255, 255, 255, 255, 255, 255, 255, 255, 
 255, 255, 252, 0, 0, 207, 255, 255, 255, 255, 255, 255, 
 255, 255, 255, 255, 255, 255, 255, 243, 152, 15, 255, 
 255, 255, 255, 255, 255, 255, 255, 255, 255, 255, 255, 
 255, 243, 153, 193, 255, 255, 255, 255, 255, 255, 255, 
 255, 255, 255, 255, 255, 255, 243, 153, 205, 255, 255, 
 255, 255, 255, 255, 255, 255, 255, 255, 255, 255, 255, 
 243, 153, 207, 255, 255, 255, 255, 255, 255, 255, 255, 
 255, 255, 255, 255, 255, 243, 153, 207, 255, 255, 255, 
 255, 255, 255, 255, 255, 255, 255, 255, 255, 254, 115, 
 153, 207, 255, 255, 255, 255, 255, 255, 255, 255, 255, 
 255, 255, 255, 254, 115, 153, 207, 255, 255, 255, 255, 
 255, 255, 255, 255, 255, 255, 255, 255, 254, 115, 153, 
 207, 255, 255, 255, 255, 255, 255, 255, 255, 255, 255, 
 255, 255, 254, 0, 1, 207, 255, 255, 255, 255, 255, 255, 
 255, 255, 255, 255, 255, 255, 255, 255, 255, 207, 255, 
 255, 255, 255, 255, 255, 255, 255, 255, 255, 255, 255, 
 255, 255, 255, 207, 255, 255, 255, 255, 255, 255, 255, 
 255, 255, 255, 255, 255, 255, 255, 255, 231, 255, 255, 
 255, 255, 255, 255, 255, 255, 255, 255, 255, 255, 252, 
 64, 0, 3, 255, 255, 255, 255, 255, 255, 255, 255, 255, 
 255, 255, 255, 252, 0, 0, 3, 255, 255, 255, 255, 255, 
 255, 255, 255, 255, 255, 255, 255, 255, 231, 249, 243, 
 255, 255, 255, 255, 255, 255, 255, 255, 255, 255, 255, 
 255, 255, 224, 64, 51, 255, 255, 255, 255, 255, 255, 255, 
 255, 255, 255, 255, 255, 255, 224, 6, 3, 255, 255, 255, 
 255, 255, 255, 255, 255, 255, 255, 255, 255, 255, 253, 
 255, 255, 255, 255, 255, 255, 255, 255, 255, 255, 255, 
 255, 255, 255, 254, 0, 0, 11, 255, 255, 255, 255, 255, 
 255, 255, 255, 255, 255, 255, 255, 254, 63, 206, 115, 
 255, 255, 255, 255, 255, 255, 255, 255, 255, 255, 255, 
 255, 255, 63, 206, 115, 255, 255, 255, 255, 255, 255, 
 255, 255, 255, 255, 255, 255, 255, 158, 14, 115, 255, 
 255, 255, 255, 255, 255, 255, 255, 255, 255, 255, 255, 
 255, 225, 206, 115, 255, 255, 255, 255, 255, 255, 255, 
 255, 255, 255, 255, 255, 255, 227, 206, 115, 255, 255, 
 255, 255, 255, 255, 255, 255, 255, 255, 255, 255, 255, 
 153, 206, 115, 255, 255, 255, 255, 255, 255, 255, 255, 
 255, 255, 255, 255, 255, 28, 0, 3, 255, 255, 255, 255, 
 255, 255, 255, 255, 255, 255, 255, 255, 254, 62, 127, 
 255, 255, 255, 255, 255, 255, 255, 255, 255, 255, 255, 
 255, 255, 255, 255, 255, 255, 255, 255, 255, 255, 255, 
 255, 255, 255, 255, 255, 255, 255, 255, 255, 199, 255, 
 255, 255, 255, 255, 255, 255, 255, 255, 255, 255, 255, 
 255, 255, 191, 227, 255, 255, 255, 255, 255, 255, 255, 
 255, 255, 255, 255, 255, 255, 255, 31, 240, 255, 255, 
 255, 255, 255, 255, 255, 255, 255, 255, 255, 255, 255, 
 255, 3, 252, 63, 255, 255, 255, 255, 255, 255, 255, 255, 
 255, 255, 255, 255, 255, 49, 255, 15, 255, 255, 255, 255, 
 255, 255, 255, 255, 255, 255, 255, 255, 255, 28, 63, 195, 
 255, 255, 255, 255, 255, 255, 255, 255, 255, 255, 255, 
 255, 255, 31, 135, 255, 255, 255, 255, 255, 255, 255, 
 255, 255, 255, 255, 255, 255, 255, 159, 231, 255, 255, 
 255, 255, 255, 255, 255, 255, 255, 255, 255, 255, 255, 
 255, 159, 255, 255, 255, 255, 255, 255, 255, 255, 255, 
 255, 255, 255, 255, 255, 255, 156, 255, 227, 255, 255, 
 255, 255, 255, 255, 255, 255, 255, 255, 255, 255, 255, 
 145, 255, 15, 255, 255, 255, 255, 255, 255, 255, 255, 
 255, 255, 255, 255, 255, 131, 252, 63, 255, 255, 255, 
 255, 255, 255, 255, 255, 255, 255, 255, 255, 254, 31, 
 248, 255, 255, 255, 255, 255, 255, 255, 255, 255, 255, 
 255, 255, 255, 254, 127, 225, 255, 255, 255, 255, 255, 
 255, 255, 255, 255, 255, 255, 255, 255, 255, 255, 199, 
 255, 255, 255, 255, 255, 255, 255, 255, 255, 255, 255, 
 255, 255, 255, 255, 255, 255, 255, 255, 255, 255, 255, 
 255, 255, 255, 255, 255, 255, 255, 255, 255, 254, 127, 
 255, 255, 255, 255, 255, 255, 255, 255, 255, 255, 255, 
 255, 255, 255, 254, 115, 255, 255, 255, 255, 255, 255, 
 255, 255, 255, 255, 255, 255, 255, 128, 14, 115, 255, 
 255, 255, 255, 255, 255, 255, 255, 255, 255, 255, 255, 
 255, 231, 206, 115, 255, 255, 255, 255, 255, 255, 255, 
 255, 255, 255, 255, 255, 255, 231, 206, 115, 255, 255, 
 255, 255, 255, 255, 255, 255, 255, 255, 255, 255, 255, 
 231, 206, 115, 255, 255, 255, 255, 255, 255, 255, 255, 
 255, 255, 255, 255, 255, 231, 206, 115, 255, 255, 255, 
 255, 255, 255, 255, 255, 255, 255, 255, 255, 255, 231, 
 206, 115, 255, 255, 255, 255, 255, 255, 255, 255, 255, 
 255, 255, 255, 255, 231, 206, 115, 255, 255, 255, 255, 
 255, 255, 255, 255, 255, 255, 255, 255, 255, 96, 14, 115, 
 255, 255, 255, 255, 255, 255, 255, 255, 255, 255, 255, 
 255, 254, 127, 254, 115, 255, 255, 255, 255, 255, 255, 
 255, 255, 255, 255, 255, 255, 254, 127, 254, 115, 255, 
 255, 255, 255, 255, 255, 255, 255, 255, 255, 255, 255, 
 254, 127, 255, 243, 255, 255, 255, 255, 255, 255, 255, 
 255, 255, 255, 255, 255, 254, 63, 255, 243, 255, 255, 
 255, 255, 255, 255, 255, 255, 255, 255, 255, 255, 255, 
 128, 0, 3, 255, 255, 255, 255, 255, 255, 255, 255, 255, 
 255, 255, 255, 255, 255, 255, 255, 255, 255, 255, 255, 
 255, 255, 255, 255, 255, 255, 255, 255, 255, 255, 255, 
 255, 255, 255, 255, 255, 255, 255, 255, 255, 255, 255, 
 255, 255, 255, 255, 255, 255, 255, 255, 255, 255, 255, 
 255, 255, 255, 255, 255, 255, 255, 255, 255, 255, 255, 
 255, 255, 255, 255, 255, 255, 255, 255, 255, 255, 255, 
 255, 255, 255, 255, 255, 255, 255, 255, 255, 255, 255, 
 255, 255, 255, 255, 255, 255, 255, 255, 255, 255, 255, 
 255, 255, 255, 255, 255, 255, 255, 255, 255, 255, 255, 
 255, 255, 255, 255, 255, 255, 255, 255, 255, 255, 255, 
 255, 255, 255, 255, 255, 255, 255, 255, 255, 255, 255, 
 255, 255, 255, 255, 255, 255, 255, 255, 255, 255, 255, 
 255, 255, 255, 255, 255, 255, 255, 255, 255, 255, 255, 
 255, 255, 255, 255, 255, 255, 255, 255, 255, 255, 255, 
 255, 255, 255, 255, 255, 255, 255, 255, 255, 255, 255, 
 255, 255, 255, 255, 255, 255, 255, 255, 255, 255, 255, 
 255, 255, 255, 255, 255, 255, 255, 255, 255, 255, 255, 
 255, 255, 255, 255, 255, 255, 255, 255, 255, 255, 255, 
 255, 255, 255, 255, 255, 255, 255, 255, 255, 255, 255, 
 255, 255, 255, 255, 255, 255, 255, 255, 255, 255, 255, 
 255, 255, 255, 255, 255, 255, 255, 255, 255, 255, 255, 
 255, 255, 255, 255, 255, 255, 255, 255
