255, 255, 255, 255, 255, 255, 255, 255, 255, 255, 255, 255, 255, 255, 
255, 255, 255, 255, 255, 255, 255, 255, 255, 255, 255, 255, 255, 255, 
255, 255, 255, 255, 255, 255, 255, 255, 255, 255, 255, 255, 255, 255, 
255, 255, 255, 255, 255, 255, 255, 255, 255, 255, 255, 255, 255, 255, 
255, 255, 255, 255, 255, 255, 255, 255, 255, 255, 255, 255, 255, 255, 
255, 255, 255, 255, 255, 255, 255, 255, 255, 255, 255, 255, 255, 255, 
255, 255, 255, 255, 255, 255, 255, 255, 255, 255, 255, 255, 255, 255, 
255, 255, 255, 255, 255, 255, 255, 255, 255, 255, 255, 255, 255, 255, 
255, 255, 255, 255, 255, 255, 255, 255, 255, 255, 255, 255, 255, 255, 
255, 255, 255, 255, 255, 255, 255, 255, 255, 255, 255, 255, 255, 255, 
255, 255, 255, 255, 255, 255, 255, 255, 255, 255, 255, 255, 255, 255, 
255, 255, 255, 255, 255, 255, 255, 255, 255, 255, 255, 255, 255, 255, 
255, 255, 255, 255, 255, 255, 255, 255, 255, 255, 255, 255, 255, 255, 
255, 255, 255, 255, 255, 255, 255, 255, 255, 255, 255, 255, 255, 255, 
255, 255, 255, 255, 255, 255, 255, 255, 255, 255, 255, 255, 255, 255, 
255, 255, 255, 255, 255, 255, 255, 255, 255, 255, 255, 255, 255, 255, 
255, 255, 255, 255, 255, 255, 255, 255, 255, 255, 255, 255, 255, 255, 
255, 255, 255, 255, 255, 255, 255, 255, 255, 255, 255, 255, 255, 255, 
255, 255, 255, 255, 255, 255, 255, 255, 255, 255, 255, 255, 255, 255, 
255, 255, 255, 255, 255, 255, 255, 255, 255, 255, 255, 255, 255, 255, 
255, 255, 255, 255, 255, 255, 255, 255, 255, 255, 255, 255, 255, 255, 
255, 255, 255, 255, 255, 255, 255, 255, 255, 255, 255, 255, 255, 255, 
255, 255, 255, 255, 255, 255, 255, 255, 255, 255, 255, 255, 255, 255, 
255, 255, 255, 255, 255, 255, 255, 255, 255, 255, 255, 255, 255, 255, 
255, 255, 255, 255, 255, 255, 255, 255, 255, 255, 255, 255, 255, 255, 
255, 255, 255, 255, 255, 255, 255, 255, 255, 255, 255, 255, 255, 255, 
255, 255, 255, 255, 255, 255, 255, 255, 255, 255, 255, 255, 255, 255, 
255, 255, 255, 255, 255, 255, 255, 255, 255, 255, 255, 255, 255, 255, 
255, 255, 255, 255, 255, 255, 255, 255, 255, 255, 255, 255, 255, 255, 
255, 255, 255, 255, 255, 255, 255, 255, 255, 255, 255, 255, 255, 255, 
255, 255, 255, 255, 255, 255, 255, 255, 255, 255, 255, 255, 255, 255, 
255, 255, 255, 159, 255, 255, 255, 255, 255, 255, 255, 255, 255, 255, 
255, 255, 255, 255, 255, 143, 255, 255, 255, 255, 255, 255, 255, 255, 
255, 255, 255, 255, 255, 255, 255, 175, 255, 3, 255, 255, 255, 255, 
255, 255, 255, 255, 255, 255, 255, 255, 255, 143, 254, 1, 255, 255, 
255, 255, 255, 255, 255, 255, 255, 255, 255, 255, 255, 143, 254, 0, 
127, 255, 255, 255, 255, 255, 255, 255, 255, 255, 255, 255, 255, 143, 
252, 0, 63, 255, 255, 255, 255, 255, 255, 255, 255, 255, 255, 255, 
255, 15, 252, 0, 31, 255, 255, 255, 255, 255, 255, 255, 255, 255, 
255, 255, 255, 7, 252, 0, 15, 255, 255, 255, 255, 255, 255, 255, 255, 
255, 255, 255, 255, 135, 248, 0, 7, 255, 255, 255, 255, 255, 255, 
255, 255, 255, 255, 255, 255, 131, 248, 0, 3, 255, 255, 255, 255, 
255, 255, 255, 255, 255, 255, 255, 255, 3, 248, 0, 1, 255, 255, 255, 
255, 255, 255, 255, 255, 255, 255, 255, 255, 3, 248, 0, 0, 255, 255, 
255, 255, 255, 255, 255, 255, 255, 255, 255, 255, 129, 248, 0, 0, 
255, 255, 255, 255, 255, 255, 255, 255, 255, 255, 255, 254, 1, 248, 
0, 0, 127, 255, 255, 255, 255, 255, 255, 255, 255, 255, 255, 254, 0, 
248, 0, 0, 127, 255, 255, 255, 255, 255, 255, 255, 255, 255, 255, 
254, 0, 248, 0, 0, 63, 255, 255, 255, 255, 255, 255, 255, 255, 255, 
255, 254, 0, 120, 0, 0, 63, 255, 255, 255, 255, 255, 255, 255, 255, 
255, 255, 255, 0, 120, 0, 0, 31, 255, 255, 255, 255, 255, 255, 255, 
255, 255, 255, 254, 0, 56, 0, 0, 31, 255, 255, 255, 255, 255, 255, 
255, 255, 255, 255, 254, 0, 56, 0, 0, 15, 255, 255, 255, 255, 255, 
255, 255, 255, 255, 255, 254, 0, 24, 0, 0, 15, 255, 255, 255, 255, 
255, 255, 255, 255, 255, 255, 255, 0, 8, 0, 0, 15, 255, 255, 255, 
255, 255, 255, 255, 255, 255, 255, 254, 0, 0, 0, 0, 7, 255, 255, 255, 
255, 255, 255, 255, 255, 255, 255, 254, 0, 0, 0, 0, 7, 255, 255, 255, 
255, 255, 255, 255, 255, 255, 255, 254, 0, 0, 0, 0, 7, 255, 255, 255, 
255, 255, 255, 255, 255, 255, 255, 252, 0, 0, 0, 0, 3, 255, 255, 255, 
255, 255, 255, 255, 255, 255, 255, 252, 0, 0, 0, 0, 3, 255, 255, 255, 
255, 255, 255, 255, 255, 255, 255, 252, 0, 0, 0, 0, 3, 255, 255, 255, 
255, 255, 255, 255, 255, 255, 255, 254, 0, 0, 0, 0, 1, 255, 255, 255, 
255, 255, 255, 255, 255, 255, 255, 255, 0, 0, 0, 0, 1, 255, 255, 255, 
255, 255, 255, 255, 255, 255, 255, 255, 0, 0, 0, 0, 1, 255, 255, 255, 
255, 255, 255, 255, 255, 255, 255, 255, 0, 0, 0, 0, 1, 255, 255, 255, 
255, 255, 255, 255, 255, 255, 255, 252, 0, 0, 0, 0, 1, 255, 255, 255, 
255, 255, 255, 255, 255, 255, 255, 252, 0, 0, 0, 0, 1, 255, 255, 255, 
255, 255, 255, 255, 255, 255, 255, 254, 0, 0, 0, 0, 0, 255, 255, 255, 
255, 255, 255, 255, 255, 255, 255, 254, 32, 0, 0, 0, 0, 255, 255, 
255, 255, 255, 255, 255, 255, 255, 255, 254, 0, 0, 0, 0, 0, 255, 255, 
255, 255, 255, 255, 255, 255, 255, 255, 254, 0, 0, 0, 0, 0, 255, 255, 
255, 255, 255, 255, 255, 255, 255, 255, 254, 0, 0, 0, 0, 0, 255, 255, 
255, 255, 255, 255, 255, 255, 255, 255, 255, 0, 0, 0, 0, 0, 255, 255, 
255, 255, 255, 255, 255, 255, 255, 255, 255, 0, 0, 0, 0, 0, 255, 255, 
255, 255, 255, 255, 255, 255, 255, 255, 255, 128, 0, 0, 0, 0, 255, 
255, 255, 255, 255, 255, 255, 255, 255, 255, 255, 128, 0, 0, 0, 0, 
255, 255, 255, 255, 255, 255, 255, 255, 255, 255, 255, 192, 0, 0, 0, 
0, 255, 255, 255, 255, 255, 255, 255, 255, 255, 255, 255, 192, 0, 0, 
0, 0, 255, 255, 255, 255, 255, 255, 255, 255, 255, 255, 255, 224, 0, 
0, 0, 0, 255, 255, 255, 255, 255, 255, 255, 255, 255, 255, 255, 224, 
0, 0, 0, 0, 255, 255, 255, 255, 255, 255, 255, 255, 255, 255, 255, 
240, 0, 0, 0, 0, 255, 255, 255, 255, 255, 255, 255, 255, 255, 255, 
255, 240, 0, 0, 0, 0, 255, 255, 255, 255, 255, 255, 255, 255, 255, 
255, 255, 240, 0, 0, 0, 0, 255, 255, 255, 255, 255, 255, 255, 255, 
255, 255, 255, 248, 0, 0, 0, 0, 255, 255, 255, 255, 255, 255, 255, 
255, 255, 255, 255, 248, 0, 0, 0, 0, 255, 255, 255, 255, 255, 255, 
255, 255, 255, 255, 255, 252, 0, 0, 0, 0, 255, 255, 255, 255, 255, 
255, 255, 255, 255, 255, 255, 254, 0, 0, 0, 0, 255, 255, 255, 255, 
255, 255, 255, 255, 255, 255, 255, 254, 0, 0, 0, 0, 255, 255, 255, 
255, 255, 255, 255, 255, 255, 255, 255, 255, 0, 0, 0, 0, 255, 255, 
255, 255, 255, 255, 255, 255, 255, 255, 255, 255, 0, 0, 0, 0, 255, 
255, 255, 255, 255, 255, 255, 255, 255, 255, 255, 255, 128, 0, 0, 0, 
255, 255, 255, 255, 255, 255, 255, 255, 255, 255, 255, 255, 192, 0, 
0, 1, 255, 255, 255, 255, 255, 255, 255, 255, 255, 255, 255, 255, 
192, 0, 0, 1, 255, 255, 255, 255, 255, 255, 255, 255, 255, 255, 255, 
255, 224, 0, 0, 1, 255, 255, 255, 255, 255, 255, 255, 255, 255, 255, 
255, 255, 240, 0, 0, 1, 255, 255, 255, 255, 255, 255, 255, 255, 255, 
255, 255, 255, 248, 0, 0, 3, 255, 255, 255, 255, 255, 255, 255, 255, 
255, 255, 255, 255, 248, 0, 0, 3, 255, 255, 255, 255, 255, 255, 255, 
255, 255, 255, 255, 255, 252, 0, 0, 3, 255, 255, 255, 255, 255, 255, 
255, 255, 255, 255, 255, 255, 254, 0, 0, 7, 255, 255, 255, 255, 255, 
255, 255, 255, 255, 255, 255, 255, 255, 0, 0, 7, 255, 255, 255, 255, 
255, 255, 255, 255, 255, 255, 255, 255, 255, 128, 0, 15, 255, 255, 
255, 255, 255, 255, 255, 255, 255, 255, 255, 255, 255, 192, 0, 31, 
255, 255, 255, 255, 255, 255, 255, 255, 255, 255, 255, 255, 255, 224, 
0, 31, 255, 255, 255, 255, 255, 255, 255, 255, 255, 255, 255, 255, 
255, 248, 0, 63, 255, 255, 255, 255, 255, 255, 255, 255, 255, 255, 
255, 255, 255, 254, 0, 255, 255, 255, 255, 255, 255, 255, 255, 255, 
255, 255, 255, 255, 255, 255, 195, 255, 255, 255, 255, 255, 255, 255, 
255, 255, 255, 255, 255, 255, 255, 255, 255, 255, 255, 255, 255, 255, 
255, 255, 255, 255, 255, 255, 255, 255, 255, 255, 255, 255, 255, 255, 
255, 255, 255, 255, 255, 255, 255, 255, 255, 255, 255, 255, 255, 255, 
255, 255, 255, 255, 255, 255, 255, 255, 255, 255, 255, 255, 255, 255, 
255, 255, 255, 255, 255, 255, 255, 255, 255, 255, 255, 255, 255, 255, 
255, 255, 255, 255, 255, 255, 255, 255, 255, 255, 255, 255, 255, 255, 
255, 255, 255, 255, 255, 255, 255, 255, 255, 255, 255, 255, 255, 255, 
255, 255, 255, 255, 255, 255, 255, 255, 255, 255, 255, 255, 255, 255, 
255, 255, 255, 255, 255, 255, 255, 255, 255, 255, 255, 255, 255, 255, 
255, 255, 255, 255, 255, 255, 255, 255, 255, 255, 255, 255, 255, 255, 
255, 255, 255, 255, 255, 255, 255, 255, 255, 255, 255, 255, 255, 255, 
255, 255, 255, 255, 255, 255, 255, 255, 255, 255, 255, 255, 255, 255, 
255, 255, 255, 255, 255, 255, 255, 255, 255, 255, 255, 255, 255, 255, 
255, 255, 255, 255, 255, 255, 255, 255, 255, 255, 255, 255, 255, 255, 
255, 255, 255, 255, 255, 255, 255, 255, 255, 255, 255, 255, 255, 255, 
255, 255, 255, 255, 255, 255, 255, 255, 255, 255, 255, 255, 255, 255, 
255, 255, 255, 255, 255, 255, 255, 255, 255, 255, 255, 255, 255, 255, 
255, 255, 255, 255, 255, 255, 255, 255, 255, 255, 255, 255, 255, 255, 
255, 255, 255, 255, 255, 255, 255, 255, 255, 255, 255, 255, 255, 255, 
255, 255, 255, 255, 255, 255, 255, 255, 255, 255, 255, 255, 255, 255, 
255, 255, 255, 255, 255, 255, 255, 255, 255, 255, 255, 255, 255, 255, 
255, 255, 255, 255, 255, 255, 255, 255, 255, 255, 255, 255, 255, 255, 
255, 255, 255, 255, 255, 255, 255, 255, 255, 255, 255, 255, 255, 255, 
255, 255, 255, 255, 255, 255, 255, 255, 255, 255, 255, 255, 255, 255, 
255, 255, 255, 255, 255, 255, 255, 255, 255, 255, 255, 255, 255, 255, 
255, 255, 255, 255, 255, 255, 255, 255, 255, 255, 255, 255, 255, 255, 
255, 255, 255, 255, 255, 255, 255, 255, 255, 255, 255, 255, 255, 255, 
255, 255, 255, 255, 255, 255, 255, 255, 255, 255, 255, 255, 255, 255, 
255, 255, 255, 255, 255, 255, 255, 255, 255, 255, 255, 255, 255, 255, 
255, 255, 255, 255, 255, 255, 255, 255, 255, 255, 255, 255, 255, 255, 
255, 255, 255, 255, 255, 255, 255, 255, 255, 255, 255, 255, 255, 255, 
255, 255, 255, 255, 255, 255, 255, 255, 255, 255, 255, 255, 255, 255, 
255, 255, 255, 255, 255, 255, 255, 255, 255, 255, 255, 255, 255, 255, 
255, 255, 255, 255, 255, 255, 255, 255, 255, 255, 255, 255, 255, 255, 
255, 255, 255, 255, 255, 255, 255, 255, 255, 255, 255, 255, 255, 255, 
255, 255, 255, 255, 255, 255, 255, 255, 255, 255, 255, 255, 255, 255, 
255, 255, 255, 255, 255, 255, 255, 255, 255, 255, 255, 255, 255, 255, 
255, 255, 255, 255, 255, 255, 255, 255, 255, 255, 255, 255, 255, 255, 
255, 255, 255, 255, 255, 255, 255, 255, 255, 255, 255, 255, 255, 255, 
255, 255, 255, 255, 255, 255, 255, 255, 255, 255, 255, 255, 255, 255, 
255, 255, 255, 255, 255, 255, 255, 255, 255, 255, 255, 255, 255, 255, 
255, 255, 255, 255, 255, 255, 255, 255, 255, 255, 255, 255, 255, 255, 
255, 255, 255, 255, 255, 255, 255, 255, 255, 255, 255, 255, 255, 255, 
255, 255, 255, 255, 255, 255, 255, 255, 255, 255, 255, 255, 255, 255, 
255, 255, 255, 255, 255, 255, 255, 255, 255, 255, 255, 255, 255, 255, 
255, 255, 255, 255, 255, 255, 255, 255, 255, 255, 255, 255, 255, 255, 
255, 255, 255, 255, 255, 255, 255, 255, 255, 255, 255, 255, 255, 255, 
255, 255, 255, 255, 255, 255, 255, 255, 255, 255, 255, 255, 255, 255, 
255, 255, 255, 255, 255, 255, 255, 255, 255, 255, 255, 255, 255, 255, 
255, 255, 255, 255, 255, 255, 255, 255, 255, 255, 255, 255, 255, 255, 
255, 255, 255, 255, 255, 255, 255, 255, 255, 255, 255, 255, 255, 255, 
255, 255, 255, 255, 255, 255, 255, 255, 255, 255, 255, 255, 255, 255, 
255, 255, 255, 255, 255, 255, 255, 255, 255, 255, 255, 255, 255, 255, 
255, 255, 255, 255, 255, 255, 255, 255, 255, 255, 255, 255, 255, 255, 
255, 255, 255, 255, 255, 255, 255, 255, 255, 255, 255, 255, 255, 255, 
255, 255, 255, 255, 255, 255, 255, 255, 255, 255, 255, 255, 255, 255, 
255, 255, 255, 255, 255, 255, 255, 255, 255, 255, 255, 255, 255, 255, 
255, 255, 255, 255, 255, 255, 255, 255, 255, 255, 255, 255, 255, 255, 
255, 255, 255, 255, 255, 255, 255, 255, 255, 255, 255, 255, 255, 255, 
255, 255, 255, 255, 255, 255, 255, 255, 255, 255, 255, 255, 255, 255, 
255, 255, 255, 255, 255, 255, 255, 255, 255, 255, 255, 255, 255, 255, 
255, 255, 255, 255, 255, 255, 255, 255, 255, 255, 255, 255, 255, 255, 
255, 255, 255, 255, 255, 255, 255, 255, 255, 255, 255, 255, 255, 255, 
255, 255, 255, 255, 255, 255, 255, 255, 255, 255, 255, 255, 255, 255, 
255, 255, 255, 255, 255, 255, 255, 255, 255, 255, 255, 255, 255, 255, 
255, 255, 255, 255, 255, 255, 255, 255, 255, 255, 255, 255, 255, 255, 
255, 255, 255, 255, 255, 255, 255, 255, 255, 255, 255, 255, 255, 255, 
255, 255, 255, 255, 255, 255, 255, 255, 255, 255, 255, 255, 255, 255, 
255, 255, 255, 255, 255, 255, 255, 255, 255, 255, 255, 255, 255, 255, 
255, 255, 255, 255, 255, 255, 255, 255, 255, 255, 255, 255, 255, 255, 
255, 255, 255, 255, 255, 255, 255, 255, 255, 255, 255, 255, 255, 255, 
255, 255, 255, 255, 255, 255, 255, 255, 255, 255, 255, 255, 255, 255, 
255, 255, 255, 255, 255, 255, 255, 255, 255, 255, 255, 255, 255, 255, 
255, 255, 255, 255, 255, 255, 255, 255, 255, 255, 255, 255, 255, 255, 
255, 255, 255, 255, 255, 255, 255, 255, 255, 255, 255, 255, 255, 255, 
255, 255, 255, 255, 255, 255, 255, 255, 255, 255, 255, 255, 255, 255, 
255, 255, 255, 255, 255, 255, 255, 255, 255, 255, 255, 255, 255, 255, 
255, 255, 255, 255, 255, 255, 255, 255, 255, 255, 255, 255, 255, 255, 
255, 255, 255, 255, 255, 255, 255, 255, 255, 255, 255, 255, 255, 255, 
255, 255, 255, 255, 255, 255, 255, 255, 255, 255, 255, 255, 255, 255, 
255, 255, 255, 255, 255, 255, 255, 255, 255, 255, 255, 255, 255, 255, 
255, 255, 255, 255, 255, 255, 255, 255, 255, 255, 255, 255, 255, 255, 
255, 255, 255, 255, 255, 255, 255, 255, 255, 255, 255, 255, 255, 255, 
255, 255, 255, 255, 255, 255, 255, 255, 255, 255, 255, 255, 255, 255, 
255, 255, 255, 255, 255, 255, 255, 255, 255, 255, 255, 255, 255, 255, 
255, 255, 255, 255, 255, 255, 255, 255, 255, 255, 255, 255, 255, 255, 
255, 255, 255, 255, 255, 255, 255, 255, 255, 255, 255, 255, 255, 255, 
255, 255, 255, 255, 255, 255, 255, 255, 255, 255, 255, 255, 255, 255, 
255, 255, 255, 255, 255, 255, 255, 255, 255, 255, 255, 255, 255, 255, 
255, 255, 255, 255, 255, 255, 255, 255, 255, 255, 255, 255, 255, 255, 
255, 255, 255, 255, 255, 255, 255, 255, 255, 255, 255, 255, 255, 255, 
255, 255, 255, 255, 255, 255, 255, 255, 255, 255, 255, 255, 255, 255, 
255, 255, 255, 255, 255, 255, 255, 255, 255, 255, 255, 255, 255, 255, 
255, 255, 255, 255, 255, 255, 255, 255, 255, 255, 255, 255, 255, 255, 
255, 255, 255, 255, 255, 255, 255, 255, 255, 255, 255, 255, 255, 255, 
255, 255, 255, 255, 255, 255, 255, 255, 255, 255, 255, 255, 255, 255, 
255, 255, 255, 255, 255, 255, 255, 255, 255, 255, 255, 255, 255, 255, 
255, 255, 255, 255, 255, 255, 255, 255, 255, 255, 255, 255, 255, 255, 
255, 255, 255, 255, 255, 255, 255, 255, 255, 255, 255, 255, 255, 255, 
255, 255, 255, 255, 255, 255, 255, 255, 255, 255, 255, 255, 255, 255, 
255, 255, 255, 255, 255, 255, 255, 255, 255, 255, 255, 255, 255, 255, 
255, 255, 255, 255, 255, 255, 255, 255, 255, 255, 255, 255, 255, 255, 
255, 255, 255, 255, 255, 255, 255, 255, 255, 255, 255, 255, 255, 255, 
255, 255, 255, 255, 255, 255, 255, 255, 255, 255, 255, 255, 255, 255, 
255, 255, 255, 255, 255, 255, 255, 255, 255, 255, 255, 255, 255, 255, 
255, 255, 255, 255, 255, 255, 255, 255, 255, 255, 255, 255, 255, 255, 
255, 255, 255, 255, 255, 255, 255, 255, 255, 255, 255, 255, 255, 255, 
255, 255, 255, 255, 255, 255, 255, 255, 255, 255, 255, 255, 255, 255, 
255, 255, 255, 255, 255, 255, 255, 255, 255, 255, 255, 255, 255, 255, 
255, 255, 255, 255, 255, 255, 255, 255, 255, 255, 255, 255, 255, 255, 
255, 255, 255, 255, 255, 255, 255, 255, 255, 255, 255, 255, 255, 255, 
255, 255, 255, 255, 255, 255, 255, 255, 255, 255, 255, 255, 255, 255, 
255, 255, 255, 255, 255, 255, 255, 255, 255, 255, 255, 255, 255, 255, 
255, 255, 255, 255, 255, 255, 255, 255, 255, 255, 255, 255, 255, 255, 
255, 255, 255, 255, 255, 255, 255, 255, 255, 255, 255, 255, 255, 255, 
255, 255, 255, 255, 255, 255, 255, 255, 255, 255, 255, 255, 255, 255, 
255, 255, 255, 255, 255, 255, 255, 255, 255, 255, 255, 255, 255, 255, 
255, 255, 255, 255, 255, 255, 255, 255, 255, 255, 255, 255, 255, 255, 
255, 255, 255, 255, 255, 255, 255, 255, 255, 255, 255, 255, 255, 255, 
255, 255, 255, 255, 255, 255, 255, 255, 255, 255, 255, 255, 255, 255, 
255, 255, 255, 255, 255, 255, 255, 255, 255, 255, 255, 255, 255, 255, 
255, 255, 255, 255, 255, 255, 255, 255, 255, 255, 255, 255, 255, 255, 
255, 255, 255, 255, 255, 255, 255, 255, 255, 255, 255, 255, 255, 255, 
255, 255, 255, 255, 255, 255, 255, 255, 255, 255, 255, 255, 255, 255, 
255, 255, 255, 255, 255, 255, 255, 255, 255, 255, 255, 255, 255, 255, 
255, 255, 255, 255, 255, 255, 255, 255, 255, 255, 255, 255, 255, 255, 
255, 255, 255, 255, 255, 255, 255, 255, 255, 255, 255, 255, 255, 255, 
255, 255, 255, 255, 255, 255, 255, 255, 255, 255, 255, 255, 255, 255, 
255, 255, 255, 255, 255, 255, 255, 255, 255, 255, 255, 255, 255, 255, 
255, 255, 255, 255, 255, 255, 255, 255, 255, 255, 255, 255, 255, 255, 
255, 255, 255, 255, 255, 255, 255, 255, 255, 255, 255, 255, 255, 255, 
255, 255, 255, 255, 255, 255, 255, 255, 255, 255, 255, 255, 255, 255, 
255, 255, 255, 255, 255, 255, 255, 255, 255, 255, 255, 255, 255, 255, 
255, 255, 255, 255, 255, 255, 255, 255, 255, 255, 255, 255, 255, 255, 
255, 255, 255, 255, 255, 255, 255, 255, 255, 255, 255, 255, 255, 255, 
255, 255, 255, 255, 255, 255, 255, 255, 255, 255, 255, 255, 255, 255, 
255, 255, 255, 255, 255, 255, 255, 255, 255, 255, 255, 255, 255, 255, 
255, 255, 255, 255, 255, 255, 255, 255, 255, 255, 255, 255, 255, 255, 
255, 255, 255, 255, 255, 255, 255, 255, 255, 255, 255, 255, 255, 255, 
255, 255, 255, 255, 255, 255, 255, 255, 255, 255, 255, 255, 255, 255, 
255, 255, 255, 255, 255, 255, 255, 255, 255, 255, 255, 255, 255, 255, 
255, 255, 255, 255, 255, 255, 255, 255, 255, 255, 255, 255, 255, 255, 
255, 255, 255, 255, 255, 255, 255, 255, 255, 255, 255, 255, 255, 255, 
255, 255, 255, 255, 255, 255, 255, 255, 255, 255, 255, 255, 255, 255, 
255, 255, 255, 255, 255, 255, 255, 255, 255, 255, 255, 255, 255, 255, 
255, 255, 255, 255, 255, 255, 255, 255, 255, 255, 255, 255, 255, 255, 
255, 255, 255, 255, 255, 255, 255, 255, 255, 255, 255, 255, 255, 255, 
255, 255, 255, 255, 255, 255, 255, 255, 255, 255, 255, 255, 255, 255, 
255, 255, 255, 255, 255, 255, 255, 255, 255, 255, 255, 255, 255, 255, 
255, 255, 255, 255, 255, 255, 255, 255, 255, 255, 255, 255, 255, 255, 
255, 255, 255, 255, 255, 255, 255, 255, 255, 255, 255, 255, 255, 255, 
255, 255, 255, 255, 255, 255, 255, 255, 255, 255, 255, 255, 255, 255, 
255, 255, 255, 255, 255, 255, 255, 255, 255, 255, 255, 255, 255, 255, 
255, 255, 255, 255, 255, 255, 255, 255, 255, 255, 255, 255, 255, 255, 
255, 255, 255, 255, 255, 255, 255, 255, 255, 255, 255, 255, 255, 255, 
255, 255, 255, 255, 255, 255, 255, 255, 255, 255, 255, 255, 255, 255, 
255, 255, 255, 255, 255, 255, 255, 255, 255, 255, 255, 255, 255, 255, 
255, 255, 255, 255, 255, 255, 255, 255, 255, 255, 255, 255, 255, 255, 
255, 255, 255, 255, 255, 255, 255, 255, 255, 255, 255, 255, 255, 255, 
255, 255, 255, 255, 255, 255, 255, 255, 255, 255, 255, 255, 255, 255, 
255, 255, 255, 255, 255, 255, 255, 255, 255, 255, 255, 255, 255, 255, 
255, 255, 255, 255, 255, 255, 255, 255, 255, 255, 255, 255, 255, 255, 
255, 255, 255, 255, 255, 255, 255, 255, 255, 255, 255, 255, 255, 255, 
255, 255, 255, 255, 255, 255, 255, 255, 255, 255, 255, 255, 255, 255, 
255, 255, 255, 255, 255, 255, 255, 255, 255, 255, 255, 255, 255, 255, 
255, 255, 255, 255, 255, 255, 255, 255, 255, 255, 255, 255, 255, 255, 
255, 255, 255, 255, 255, 255, 255, 255, 255, 255, 255, 255, 255, 255, 
255, 255, 255, 255, 255, 255, 255, 255, 255, 255, 255, 255, 255, 255, 
255, 255, 255, 255, 255, 255, 255, 255, 255, 255, 255, 255, 255, 255, 
255, 255, 255, 255, 255, 255, 255, 255, 255, 255, 255, 255, 255, 255, 
255, 255, 255, 255, 255, 255, 255, 255, 255, 255, 255, 255, 255, 255, 
255, 255, 255, 255, 255, 255, 255, 255, 255, 255, 255, 255, 255, 255, 
255, 255, 255, 255, 255, 255, 255, 255, 255, 255, 255, 255, 255, 255, 
255, 255, 255, 255, 255, 255, 255, 255, 255, 255, 255, 255, 255, 255, 
255, 255, 255, 255, 255, 255, 255, 255, 255, 255, 255, 255, 255, 255, 
255, 255, 255, 255, 255, 255, 255, 255, 255, 255, 255, 255, 255, 255, 
255, 255, 255, 255, 255, 255, 255, 255, 255, 255, 255, 255, 255, 255, 
255, 255, 255, 255, 255, 255, 255, 255, 255, 255, 255, 255, 255, 255, 
255, 255, 255, 255, 255, 255, 255, 255, 255, 255, 255, 255, 255, 255, 
255, 255, 255, 255, 255, 255, 255, 255, 255, 255, 255, 255, 255, 255, 
255, 255, 255, 255, 255, 255, 255, 255, 255, 255, 255, 255, 255, 255, 
255, 255, 255, 255, 255, 255, 255, 255, 255, 255, 255, 255, 255, 255, 
255, 255, 255, 255, 255, 255, 255, 255, 255, 255, 255, 255, 255, 255, 
255, 255, 255, 255, 255, 255, 255, 255, 255, 255, 255, 255, 255, 255, 
255, 255, 255, 255, 255, 255, 255, 255, 255, 255, 255, 255, 255, 255, 
255, 255, 255, 255, 255, 255, 255, 255, 255, 255, 255, 255, 255, 255, 
255, 255, 255, 255, 255, 255, 255, 255, 255, 255, 255, 255, 255, 255, 
255, 255, 255, 255, 255, 255, 255, 255, 255, 255, 255, 255, 255, 255, 
255, 255, 255, 255, 255, 255, 255, 255, 255, 255, 255, 255, 255, 255, 
255, 255, 255, 255, 255, 255, 255, 255, 255, 255, 255, 255, 255, 255, 
255, 255, 255, 255, 255, 255, 255, 255, 255, 255, 255, 255, 255, 255, 
255, 255, 255, 255, 255, 255, 255, 255, 255, 255, 255, 255, 255, 255, 
255, 255, 255, 255, 255, 255, 255, 255, 255, 255, 255, 255, 255, 255, 
255, 255, 255, 255, 255, 255, 255, 255, 255, 255, 255, 255, 255, 255, 
255, 255, 255, 255, 255, 255, 255, 255, 255, 255, 255, 255, 255, 255, 
255, 255, 255, 255, 255, 255, 255, 255, 255, 255, 255, 255, 255, 255, 
255, 255, 255, 255, 255, 255, 255, 255, 255, 255, 255, 255, 255, 255, 
255, 255, 255, 255, 255, 255, 255, 255, 255, 255, 255, 255, 255, 255, 
255, 255, 255, 255, 255, 255, 255, 255, 255, 255, 255, 255, 255, 255, 
255, 255, 255, 255, 255, 255, 255, 255, 255, 255, 255, 255, 255, 255, 
255, 255, 255, 255, 255, 255, 255, 255, 255, 255, 255, 255, 255, 255, 
255, 255, 255, 255, 255, 255, 255, 255, 255, 255, 255, 255, 255, 255, 
255, 255, 255, 255, 255, 255, 255, 255, 255, 255, 255, 255, 255, 255, 
255, 255, 255, 255, 255, 255, 255, 255, 255, 255, 255, 255, 255, 255, 
255, 255, 255, 255, 255, 255, 255, 255, 255, 255, 255, 255, 255, 255, 
255, 255, 255, 255, 255, 255, 255, 255, 255, 255, 255, 255, 255, 255, 
255, 255, 255, 255, 255, 255, 255, 255, 255, 255, 255, 255, 255, 255, 
255, 255, 255, 255, 255, 255, 255, 255, 255, 255, 255, 255, 255, 255, 
255, 255, 255, 255, 255, 255, 255, 255, 255, 255, 255, 255, 255, 255, 
255, 255, 255, 255, 255, 255, 255, 255, 255, 255, 255, 255, 255, 255, 
255, 255, 255, 255, 255, 255, 255, 255, 255, 255, 255, 255, 255, 255, 
255, 255, 255, 255, 255, 255, 255, 255, 255, 255, 255, 255, 255, 255, 
255, 255, 255, 255, 255, 255, 255, 255, 255, 255, 255, 255, 255, 255, 
255, 255, 255, 255, 255, 255, 255, 255, 255, 255, 255, 255, 255, 255, 
255, 255, 255, 255, 255, 255, 255, 255, 255, 255, 255, 255, 255, 255, 
255, 255, 255, 255, 255, 255, 255, 255, 255, 255, 255, 255, 255, 255, 
255, 255, 255, 255, 255, 255, 255, 255, 255, 255, 255, 255, 255, 255, 
255, 255, 255, 255, 255, 255, 255, 255, 255, 255, 255, 255, 255, 255, 
255, 255, 255, 255, 255, 255, 255, 255, 255, 255, 255, 255, 255, 255, 
255, 255, 255, 255, 255, 255, 255, 255, 255, 255, 255, 255, 255, 255, 
255, 255, 255, 255, 255, 255, 255, 255, 255, 255, 255, 255, 255, 255, 
255, 255, 255, 255, 255, 255, 255, 255, 255, 255, 255, 255, 255, 255, 
255, 255, 255, 255, 255, 255, 255, 255, 255, 255, 255, 255, 255, 255, 
255, 255, 255, 255, 255, 255, 255, 255, 255, 255, 255, 255, 255, 255
